INCON
A11 0           0.10000000E+00
 0.1246991186171E+06 0.2565599422500E+03 0.7364266476915E-08
A11 1           0.10000000E+00
 0.1246991159536E+06 0.9988253907587E+00 0.1704934285781E-06
A11 2           0.10000000E+00
 0.1246991080299E+06 0.9987792943769E+00 0.3843891495346E-07
A11 3           0.10000000E+00
 0.1246990948066E+06 0.9987232777977E+00 0.8189407961625E-08
A11 4           0.10000000E+00
 0.1246990747187E+06 0.9986485880021E+00 0.1918344007566E-08
A11 5           0.10000000E+00
 0.1246990444515E+06 0.9985382884692E+00 0.4811186321676E-09
A11 6           0.10000000E+00
 0.1246989966484E+06 0.9983495387257E+00 0.3231241646233E-10
A11 7           0.10000000E+00
 0.1246989111951E+06 0.9979231925656E+00 0.1894751902083E-11
A11 8           0.10000000E+00
 0.1246987009067E+06 0.9954719496008E+00 0.1920787651320E-15
A11 9           0.10000000E+00
 0.1219386934753E+06 0.8894724160168E+00 0.1267382656616E-15
A1110           0.10000000E+00
 0.1181849471990E+06 0.7077452154070E+00 0.1227258008278E-15
A1111           0.10000000E+00
 0.1146663184879E+06 0.5778343050812E+00 0.1183815855053E-15
A1112           0.10000000E+00
 0.1113470441688E+06 0.4801207010413E+00 0.1587287410472E-15
A1113           0.10000000E+00
 0.1081888180567E+06 0.3954400946575E+00 0.3743868041015E-11
A1114           0.10000000E+00
 0.1051548533065E+06 0.3145636717355E+00 0.3518270474840E-06
A1115           0.10000000E+00
 0.1022041167534E+06 0.2332104679016E+00 0.3431270606748E-01
A1116           0.10000000E+00
 0.1000424551754E+06 0.1717357903480E+00 0.3547693859086E+04
A1117           0.10000000E+00
 0.1000422930846E+06 0.1721189894679E+00 0.1555176120605E+05
A1118           0.10000000E+00
 0.1000422162060E+06 0.1725085862714E+00 0.2577947434164E+05
A1119           0.10000000E+00
 0.1000421450259E+06 0.1729033193877E+00 0.3454052711709E+05
A1120           0.10000000E+00
 0.1000420736376E+06 0.1733039094024E+00 0.4208091713805E+05
A1121           0.10000000E+00
 0.1000420006356E+06 0.1737111338271E+00 0.4859893744604E+05
A1122           0.10000000E+00
 0.1000419256238E+06 0.1741257238670E+00 0.5425555451430E+05
A1123           0.10000000E+00
 0.1000418485277E+06 0.1745482910142E+00 0.5918177442248E+05
A1124           0.10000000E+00
 0.1000417693682E+06 0.1749794055242E+00 0.6348594714973E+05
A1125           0.10000000E+00
 0.1000416881909E+06 0.1754195703801E+00 0.6725794694522E+05
A1126           0.10000000E+00
 0.1000416050417E+06 0.1758691990564E+00 0.7057260978314E+05
A1127           0.10000000E+00
 0.1000415199494E+06 0.1763286405971E+00 0.7349278545894E+05
A1128           0.10000000E+00
 0.1000414329232E+06 0.1767981786366E+00 0.7607151350335E+05
A1129           0.10000000E+00
 0.1000413439556E+06 0.1772780196437E+00 0.7835370457833E+05
A1130           0.10000000E+00
 0.1000412530219E+06 0.1777682967327E+00 0.8037757349258E+05
A1131           0.10000000E+00
 0.1000411600801E+06 0.1782690852911E+00 0.8217583207956E+05
A1132           0.10000000E+00
 0.1000410650786E+06 0.1787803751498E+00 0.8377648877253E+05
A1133           0.10000000E+00
 0.1000409679532E+06 0.1793020930686E+00 0.8520368026945E+05
A1134           0.10000000E+00
 0.1000408686327E+06 0.1798340880258E+00 0.8647823530061E+05
A1135           0.10000000E+00
 0.1000407670390E+06 0.1803761356067E+00 0.8761819391081E+05
A1136           0.10000000E+00
 0.1000406630898E+06 0.1809279317778E+00 0.8863921557212E+05
A1137           0.10000000E+00
 0.1000405567006E+06 0.1814890878227E+00 0.8955492364726E+05
A1138           0.10000000E+00
 0.1000404477805E+06 0.1820591581791E+00 0.9037724410024E+05
A1139           0.10000000E+00
 0.1000403362395E+06 0.1826376069821E+00 0.9111659140510E+05
A1140           0.10000000E+00
 0.1000402219858E+06 0.1832238208441E+00 0.9178209948041E+05
A1141           0.10000000E+00
 0.1000401049296E+06 0.1838170928695E+00 0.9238178071659E+05
A1142           0.10000000E+00
 0.1000399849787E+06 0.1844166446999E+00 0.9292270073397E+05
A1143           0.10000000E+00
 0.1000398620454E+06 0.1850215917062E+00 0.9341107241751E+05
A1144           0.10000000E+00
 0.1000397360427E+06 0.1856309598402E+00 0.9385238512087E+05
A1145           0.10000000E+00
 0.1000396068830E+06 0.1862436919711E+00 0.9425150181753E+05
A1146           0.10000000E+00
 0.1000394744799E+06 0.1868586396516E+00 0.9461273141266E+05
A1147           0.10000000E+00
 0.1000393387523E+06 0.1874745434021E+00 0.9493988712763E+05
A1148           0.10000000E+00
 0.1000391996171E+06 0.1880900691935E+00 0.9523636702465E+05
A1149           0.10000000E+00
 0.1000390569998E+06 0.1887037662352E+00 0.9550518211035E+05
A1150           0.10000000E+00
 0.1000389108248E+06 0.1893141159346E+00 0.9574902334590E+05
A1151           0.10000000E+00
 0.1000387610222E+06 0.1899195140852E+00 0.9597028810422E+05
A1152           0.10000000E+00
 0.1000386075286E+06 0.1905182813988E+00 0.9617111553507E+05
A1153           0.10000000E+00
 0.1000384502842E+06 0.1911086926050E+00 0.9635342175546E+05
A1154           0.10000000E+00
 0.1000382892383E+06 0.1916889786591E+00 0.9651892075648E+05
A1155           0.10000000E+00
 0.1000381243461E+06 0.1922573610060E+00 0.9666915158479E+05
A1156           0.10000000E+00
 0.1000379555760E+06 0.1928120552302E+00 0.9680549308178E+05
A1157           0.10000000E+00
 0.1000377829092E+06 0.1933513051636E+00 0.9692918461636E+05
A1158           0.10000000E+00
 0.1000376063355E+06 0.1938734281801E+00 0.9704134561298E+05
A1159           0.10000000E+00
 0.1000374258621E+06 0.1943768206661E+00 0.9714298386312E+05
A1160           0.10000000E+00
 0.1000372415015E+06 0.1948600225267E+00 0.9723501507938E+05
A1161           0.10000000E+00
 0.1000370533102E+06 0.1953216512024E+00 0.9731825593826E+05
A1162           0.10000000E+00
 0.1000368613390E+06 0.1957605564306E+00 0.9739345851439E+05
A1163           0.10000000E+00
 0.1000366656544E+06 0.1961757858561E+00 0.9746130697105E+05
A1164           0.10000000E+00
 0.1000364663404E+06 0.1965665989816E+00 0.9752242447054E+05
A1165           0.10000000E+00
 0.1000362635303E+06 0.1969324220741E+00 0.9757737128509E+05
A1166           0.10000000E+00
 0.1000360573196E+06 0.1972730201478E+00 0.9762667587163E+05
A1167           0.10000000E+00
 0.1000358478712E+06 0.1975883096851E+00 0.9767081119603E+05
A1168           0.10000000E+00
 0.1000356353436E+06 0.1978784776065E+00 0.9771021777985E+05
A1169           0.10000000E+00
 0.1000354199089E+06 0.1981439363521E+00 0.9774530224355E+05
A1170           0.10000000E+00
 0.1000352017643E+06 0.1983852971782E+00 0.9777643925097E+05
A1171           0.10000000E+00
 0.1000349810808E+06 0.1986034047228E+00 0.9780398140927E+05
A1172           0.10000000E+00
 0.1000347580856E+06 0.1987992212290E+00 0.9782824989912E+05
A1173           0.10000000E+00
 0.1000345329779E+06 0.1989738889573E+00 0.9784954795038E+05
A1174           0.10000000E+00
 0.1000343059892E+06 0.1991286424447E+00 0.9786815512370E+05
A1175           0.10000000E+00
 0.1000340773177E+06 0.1992648302067E+00 0.9788433498710E+05
A1176           0.10000000E+00
 0.1000338471868E+06 0.1993838416356E+00 0.9789833097356E+05
A1177           0.10000000E+00
 0.1000336157995E+06 0.1994871079012E+00 0.9791037084049E+05
A1178           0.10000000E+00
 0.1000333833671E+06 0.1995760585982E+00 0.9792066544654E+05
A1179           0.10000000E+00
 0.1000331500891E+06 0.1996521080626E+00 0.9792941060935E+05
A1180           0.10000000E+00
 0.1000329161386E+06 0.1997166365950E+00 0.9793678790020E+05
A1181           0.10000000E+00
 0.1000326817030E+06 0.1997709599547E+00 0.9794296366983E+05
A1182           0.10000000E+00
 0.1000324469549E+06 0.1998163244535E+00 0.9794809059410E+05
A1183           0.10000000E+00
 0.1000322120388E+06 0.1998538975034E+00 0.9795230828333E+05
A1184           0.10000000E+00
 0.1000319770937E+06 0.1998847545552E+00 0.9795574312999E+05
A1185           0.10000000E+00
 0.1000317422425E+06 0.1999098760670E+00 0.9795850897755E+05
A1186           0.10000000E+00
 0.1000315075922E+06 0.1999301456184E+00 0.9796070764728E+05
A1187           0.10000000E+00
 0.1000312732332E+06 0.1999463501415E+00 0.9796242947809E+05
A1188           0.10000000E+00
 0.1000310392632E+06 0.1999591810951E+00 0.9796375380681E+05
A1189           0.10000000E+00
 0.1000308057414E+06 0.1999692418398E+00 0.9796474997688E+05
A1190           0.10000000E+00
 0.1000305727233E+06 0.1999770508178E+00 0.9796547780904E+05
A1191           0.10000000E+00
 0.1000303402612E+06 0.1999830486427E+00 0.9796598843133E+05
A1192           0.10000000E+00
 0.1000301083861E+06 0.1999876058267E+00 0.9796632512253E+05
A1193           0.10000000E+00
 0.1000298771242E+06 0.1999910298259E+00 0.9796652407770E+05
A1194           0.10000000E+00
 0.1000296464946E+06 0.1999935727334E+00 0.9796661522656E+05
A1195           0.10000000E+00
 0.1000294165161E+06 0.1999954386163E+00 0.9796662302017E+05
A1196           0.10000000E+00
 0.1000291871813E+06 0.1999967907232E+00 0.9796656718182E+05
A1197           0.10000000E+00
 0.1000289584976E+06 0.1999977576434E+00 0.9796646340899E+05
A1198           0.10000000E+00
 0.1000287304677E+06 0.1999984393785E+00 0.9796632402458E+05
A1199           0.10000000E+00
 0.1000285030805E+06 0.1999989125351E+00 0.9796615854706E+05
A12 0           0.10000000E+00
 0.1000282305284E+06 0.1999992998794E+00 0.9796593698047E+05
A12 1           0.10000000E+00
 0.1000278535673E+06 0.1999996067119E+00 0.9796560069465E+05
A12 2           0.10000000E+00
 0.1000273386089E+06 0.1999997922157E+00 0.9796511045829E+05
A12 3           0.10000000E+00
 0.1000266463595E+06 0.1999998692770E+00 0.9796442835007E+05
A12 4           0.10000000E+00
 0.1000257344418E+06 0.1999998906444E+00 0.9796351887411E+05
A12 5           0.10000000E+00
 0.1000245623032E+06 0.1999998976467E+00 0.9796234704302E+05
A12 6           0.10000000E+00
 0.1000230978257E+06 0.1999999038217E+00 0.9796088258679E+05
A12 7           0.10000000E+00
 0.1000213240229E+06 0.1999999111685E+00 0.9795910878792E+05
A12 8           0.10000000E+00
 0.1000192439764E+06 0.1999999198005E+00 0.9795702874546E+05
A12 9           0.10000000E+00
 0.1000168825412E+06 0.1999999296185E+00 0.9795466731492E+05
A1210           0.10000000E+00
 0.1000142863919E+06 0.1999999404267E+00 0.9795207117071E+05
A1211           0.10000000E+00
 0.1000115258553E+06 0.1999999519293E+00 0.9794931063951E+05
A1212           0.10000000E+00
 0.1000087013405E+06 0.1999999637049E+00 0.9794648613025E+05
A1213           0.10000000E+00
 0.1000059552140E+06 0.1999999751574E+00 0.9794374000908E+05
A1214           0.10000000E+00
 0.1000034888400E+06 0.1999999854452E+00 0.9794127363992E+05
A1215           0.10000000E+00
 0.1000015722709E+06 0.1999999934405E+00 0.9793935707460E+05
A1216           0.10000000E+00
 0.1000004525749E+06 0.1999999981118E+00 0.9793823738072E+05
A1217           0.10000000E+00
 0.1000000666108E+06 0.1999999997221E+00 0.9793785141736E+05
A1218           0.10000000E+00
 0.1000000043533E+06 0.1999999999818E+00 0.9793778916001E+05
A1219           0.10000000E+00
 0.1000000001167E+06 0.1999999999995E+00 0.9793778492345E+05
A1220           0.10000000E+00
 0.1000000000000E+06 0.2000000000000E+00 0.9793778480673E+05
+++  
  118  635    1 0.00000000E+00 0.31560000E+09
INCON -- INITIAL CONDITIONS FOR     121 ELEMENTS AT TIME  0.315600E+09
