INCON -- INITIAL CONDITIONS FOR 850 ELEMENTS
A2  1           0.20000000E+00
 0.2179885937500E+06 0.2264709472656E+02 0.3500284957886E+02
A2  2           0.20000000E+00
 0.2179885937500E+06 0.2264709472656E+02 0.3500284957886E+02
A2  3           0.20000000E+00
 0.2179885937500E+06 0.2264709472656E+02 0.3500284957886E+02
A2  4           0.20000000E+00
 0.2179885937500E+06 0.2264709472656E+02 0.3500284957886E+02
A2  5           0.20000000E+00
 0.2179885937500E+06 0.2264709472656E+02 0.3500284957886E+02
A2  6           0.20000000E+00
 0.2179885937500E+06 0.2264709472656E+02 0.3500284957886E+02
A2  7           0.20000000E+00
 0.2179885937500E+06 0.2264709472656E+02 0.3500284957886E+02
A2  8           0.20000000E+00
 0.2179885937500E+06 0.2264709472656E+02 0.3500284957886E+02
A2  9           0.20000000E+00
 0.2179885937500E+06 0.2264709472656E+02 0.3500284957886E+02
A2 10           0.20000000E+00
 0.2179885937500E+06 0.2264709472656E+02 0.3500284957886E+02
A2 11           0.20000000E+00
 0.2179885937500E+06 0.2264709472656E+02 0.3500284957886E+02
A2 12           0.20000000E+00
 0.2179885937500E+06 0.2264709472656E+02 0.3500284957886E+02
A2 13           0.20000000E+00
 0.2179885937500E+06 0.2264709472656E+02 0.3500284957886E+02
A2 14           0.20000000E+00
 0.2179885937500E+06 0.2264709472656E+02 0.3500284957886E+02
A2 15           0.20000000E+00
 0.2179885937500E+06 0.2264709472656E+02 0.3500284957886E+02
A2 16           0.20000000E+00
 0.2179885937500E+06 0.2264709472656E+02 0.3500284957886E+02
A2 17           0.20000000E+00
 0.2179885937500E+06 0.2264709472656E+02 0.3500284957886E+02
A2 18           0.20000000E+00
 0.2179885937500E+06 0.2264709472656E+02 0.3500284957886E+02
A2 19           0.20000000E+00
 0.2179885937500E+06 0.2264709472656E+02 0.3500284957886E+02
A2 20           0.20000000E+00
 0.2179885937500E+06 0.2264709472656E+02 0.3500284957886E+02
A2 21           0.20000000E+00
 0.2179885937500E+06 0.2264709472656E+02 0.3500284957886E+02
A2 22           0.20000000E+00
 0.2179885937500E+06 0.2264709472656E+02 0.3500284957886E+02
A2 23           0.20000000E+00
 0.2179885937500E+06 0.2264709472656E+02 0.3500284957886E+02
A2 24           0.20000000E+00
 0.2179885937500E+06 0.2264709472656E+02 0.3500284957886E+02
A2 25           0.20000000E+00
 0.2179885937500E+06 0.2264709472656E+02 0.3500284957886E+02
A3  1           0.20000000E+00
 0.4531924375000E+06 0.2579853439331E+02 0.3500854873657E+02
A3  2           0.20000000E+00
 0.4531924375000E+06 0.2579853439331E+02 0.3500854873657E+02
A3  3           0.20000000E+00
 0.4531924375000E+06 0.2579853439331E+02 0.3500854873657E+02
A3  4           0.20000000E+00
 0.4531924375000E+06 0.2579853439331E+02 0.3500854873657E+02
A3  5           0.20000000E+00
 0.4531924375000E+06 0.2579853439331E+02 0.3500854873657E+02
A3  6           0.20000000E+00
 0.4531924375000E+06 0.2579853439331E+02 0.3500854873657E+02
A3  7           0.20000000E+00
 0.4531924375000E+06 0.2579853439331E+02 0.3500854873657E+02
A3  8           0.20000000E+00
 0.4531924375000E+06 0.2579853439331E+02 0.3500854873657E+02
A3  9           0.20000000E+00
 0.4531924375000E+06 0.2579853439331E+02 0.3500854873657E+02
A3 10           0.20000000E+00
 0.4531924375000E+06 0.2579853439331E+02 0.3500854873657E+02
A3 11           0.20000000E+00
 0.4531924375000E+06 0.2579853439331E+02 0.3500854873657E+02
A3 12           0.20000000E+00
 0.4531924375000E+06 0.2579853439331E+02 0.3500854873657E+02
A3 13           0.20000000E+00
 0.4531924375000E+06 0.2579853439331E+02 0.3500854873657E+02
A3 14           0.20000000E+00
 0.4531924375000E+06 0.2579853439331E+02 0.3500854873657E+02
A3 15           0.20000000E+00
 0.4531924375000E+06 0.2579853439331E+02 0.3500854873657E+02
A3 16           0.20000000E+00
 0.4531924375000E+06 0.2579853439331E+02 0.3500854873657E+02
A3 17           0.20000000E+00
 0.4531924375000E+06 0.2579853439331E+02 0.3500854873657E+02
A3 18           0.20000000E+00
 0.4531924375000E+06 0.2579853439331E+02 0.3500854873657E+02
A3 19           0.20000000E+00
 0.4531924375000E+06 0.2579853439331E+02 0.3500854873657E+02
A3 20           0.20000000E+00
 0.4531924375000E+06 0.2579853439331E+02 0.3500854873657E+02
A3 21           0.20000000E+00
 0.4531924375000E+06 0.2579853439331E+02 0.3500854873657E+02
A3 22           0.20000000E+00
 0.4531924375000E+06 0.2579853439331E+02 0.3500854873657E+02
A3 23           0.20000000E+00
 0.4531924375000E+06 0.2579853439331E+02 0.3500854873657E+02
A3 24           0.20000000E+00
 0.4531924375000E+06 0.2579853439331E+02 0.3500854873657E+02
A3 25           0.20000000E+00
 0.4531924375000E+06 0.2579853439331E+02 0.3500854873657E+02
A4  1           0.20000000E+00
 0.9088999375000E+06 0.3190444946289E+02 0.3501710510254E+02
A4  2           0.20000000E+00
 0.9088999375000E+06 0.3190444946289E+02 0.3501710510254E+02
A4  3           0.20000000E+00
 0.9088999375000E+06 0.3190444946289E+02 0.3501710510254E+02
A4  4           0.20000000E+00
 0.9088999375000E+06 0.3190444946289E+02 0.3501710510254E+02
A4  5           0.20000000E+00
 0.9088999375000E+06 0.3190444946289E+02 0.3501710510254E+02
A4  6           0.20000000E+00
 0.9088999375000E+06 0.3190444946289E+02 0.3501710510254E+02
A4  7           0.20000000E+00
 0.9088999375000E+06 0.3190444946289E+02 0.3501710510254E+02
A4  8           0.20000000E+00
 0.9088999375000E+06 0.3190444946289E+02 0.3501710510254E+02
A4  9           0.20000000E+00
 0.9088999375000E+06 0.3190444946289E+02 0.3501710510254E+02
A4 10           0.20000000E+00
 0.9088999375000E+06 0.3190444946289E+02 0.3501710510254E+02
A4 11           0.20000000E+00
 0.9088999375000E+06 0.3190444946289E+02 0.3501710510254E+02
A4 12           0.20000000E+00
 0.9088999375000E+06 0.3190444946289E+02 0.3501710510254E+02
A4 13           0.20000000E+00
 0.9088999375000E+06 0.3190444946289E+02 0.3501710510254E+02
A4 14           0.20000000E+00
 0.9088999375000E+06 0.3190444946289E+02 0.3501710510254E+02
A4 15           0.20000000E+00
 0.9088999375000E+06 0.3190444946289E+02 0.3501710510254E+02
A4 16           0.20000000E+00
 0.9088999375000E+06 0.3190444946289E+02 0.3501710510254E+02
A4 17           0.20000000E+00
 0.9088999375000E+06 0.3190444946289E+02 0.3501710510254E+02
A4 18           0.20000000E+00
 0.9088999375000E+06 0.3190444946289E+02 0.3501710510254E+02
A4 19           0.20000000E+00
 0.9088999375000E+06 0.3190444946289E+02 0.3501710510254E+02
A4 20           0.20000000E+00
 0.9088999375000E+06 0.3190444946289E+02 0.3501710510254E+02
A4 21           0.20000000E+00
 0.9088999375000E+06 0.3190444946289E+02 0.3501710510254E+02
A4 22           0.20000000E+00
 0.9088999375000E+06 0.3190444946289E+02 0.3501710510254E+02
A4 23           0.20000000E+00
 0.9088999375000E+06 0.3190444946289E+02 0.3501710510254E+02
A4 24           0.20000000E+00
 0.9088999375000E+06 0.3190444946289E+02 0.3501710510254E+02
A4 25           0.20000000E+00
 0.9088999375000E+06 0.3190444946289E+02 0.3501710510254E+02
A5  1           0.20000000E+00
 0.1585012875000E+07 0.4096352767944E+02 0.3502855682373E+02
A5  2           0.20000000E+00
 0.1585012875000E+07 0.4096352767944E+02 0.3502855682373E+02
A5  3           0.20000000E+00
 0.1585012875000E+07 0.4096352767944E+02 0.3502855682373E+02
A5  4           0.20000000E+00
 0.1585012875000E+07 0.4096352767944E+02 0.3502855682373E+02
A5  5           0.20000000E+00
 0.1585012875000E+07 0.4096352767944E+02 0.3502855682373E+02
A5  6           0.20000000E+00
 0.1585012875000E+07 0.4096352767944E+02 0.3502855682373E+02
A5  7           0.20000000E+00
 0.1585012875000E+07 0.4096352767944E+02 0.3502855682373E+02
A5  8           0.20000000E+00
 0.1585012875000E+07 0.4096352767944E+02 0.3502855682373E+02
A5  9           0.20000000E+00
 0.1585012875000E+07 0.4096352767944E+02 0.3502855682373E+02
A5 10           0.20000000E+00
 0.1585012875000E+07 0.4096352767944E+02 0.3502855682373E+02
A5 11           0.20000000E+00
 0.1585012875000E+07 0.4096352767944E+02 0.3502855682373E+02
A5 12           0.20000000E+00
 0.1585012875000E+07 0.4096352767944E+02 0.3502855682373E+02
A5 13           0.20000000E+00
 0.1585012875000E+07 0.4096352767944E+02 0.3502855682373E+02
A5 14           0.20000000E+00
 0.1585012875000E+07 0.4096352767944E+02 0.3502855682373E+02
A5 15           0.20000000E+00
 0.1585012875000E+07 0.4096352767944E+02 0.3502855682373E+02
A5 16           0.20000000E+00
 0.1585012875000E+07 0.4096352767944E+02 0.3502855682373E+02
A5 17           0.20000000E+00
 0.1585012875000E+07 0.4096352767944E+02 0.3502855682373E+02
A5 18           0.20000000E+00
 0.1585012875000E+07 0.4096352767944E+02 0.3502855682373E+02
A5 19           0.20000000E+00
 0.1585012875000E+07 0.4096352767944E+02 0.3502855682373E+02
A5 20           0.20000000E+00
 0.1585012875000E+07 0.4096352767944E+02 0.3502855682373E+02
A5 21           0.20000000E+00
 0.1585012875000E+07 0.4096352767944E+02 0.3502855682373E+02
A5 22           0.20000000E+00
 0.1585012875000E+07 0.4096352767944E+02 0.3502855682373E+02
A5 23           0.20000000E+00
 0.1585012875000E+07 0.4096352767944E+02 0.3502855682373E+02
A5 24           0.20000000E+00
 0.1585012875000E+07 0.4096352767944E+02 0.3502855682373E+02
A5 25           0.20000000E+00
 0.1585012875000E+07 0.4096352767944E+02 0.3502855682373E+02
A6  1           0.20000000E+00
 0.2261224000000E+07 0.5002391433716E+02 0.3504008483887E+02
A6  2           0.20000000E+00
 0.2261224000000E+07 0.5002391433716E+02 0.3504008483887E+02
A6  3           0.20000000E+00
 0.2261224000000E+07 0.5002391433716E+02 0.3504008483887E+02
A6  4           0.20000000E+00
 0.2261224000000E+07 0.5002391433716E+02 0.3504008483887E+02
A6  5           0.20000000E+00
 0.2261224000000E+07 0.5002391433716E+02 0.3504008483887E+02
A6  6           0.20000000E+00
 0.2261224000000E+07 0.5002391433716E+02 0.3504008865356E+02
A6  7           0.20000000E+00
 0.2261224000000E+07 0.5002391433716E+02 0.3504008865356E+02
A6  8           0.20000000E+00
 0.2261224000000E+07 0.5002391433716E+02 0.3504008865356E+02
A6  9           0.20000000E+00
 0.2261224000000E+07 0.5002391433716E+02 0.3504008865356E+02
A6 10           0.20000000E+00
 0.2261224000000E+07 0.5002391433716E+02 0.3504008865356E+02
A6 11           0.20000000E+00
 0.2261224000000E+07 0.5002391433716E+02 0.3504008865356E+02
A6 12           0.20000000E+00
 0.2261224000000E+07 0.5002391433716E+02 0.3504008865356E+02
A6 13           0.20000000E+00
 0.2261224000000E+07 0.5002391433716E+02 0.3504008865356E+02
A6 14           0.20000000E+00
 0.2261224000000E+07 0.5002391433716E+02 0.3504008865356E+02
A6 15           0.20000000E+00
 0.2261224000000E+07 0.5002391433716E+02 0.3504008865356E+02
A6 16           0.20000000E+00
 0.2261224000000E+07 0.5002391433716E+02 0.3504008865356E+02
A6 17           0.20000000E+00
 0.2261224000000E+07 0.5002391433716E+02 0.3504008865356E+02
A6 18           0.20000000E+00
 0.2261224000000E+07 0.5002391433716E+02 0.3504008865356E+02
A6 19           0.20000000E+00
 0.2261224000000E+07 0.5002391433716E+02 0.3504008865356E+02
A6 20           0.20000000E+00
 0.2261224000000E+07 0.5002391433716E+02 0.3504008865356E+02
A6 21           0.20000000E+00
 0.2261224000000E+07 0.5002391433716E+02 0.3504008865356E+02
A6 22           0.20000000E+00
 0.2261224000000E+07 0.5002391433716E+02 0.3504008865356E+02
A6 23           0.20000000E+00
 0.2261224000000E+07 0.5002391433716E+02 0.3504008865356E+02
A6 24           0.20000000E+00
 0.2261224000000E+07 0.5002391433716E+02 0.3504008865356E+02
A6 25           0.20000000E+00
 0.2261224000000E+07 0.5002391433716E+02 0.3504008865356E+02
A7  1           0.20000000E+00
 0.2937435000000E+07 0.5908430480957E+02 0.3505171203613E+02
A7  2           0.20000000E+00
 0.2937435000000E+07 0.5908430480957E+02 0.3505171203613E+02
A7  3           0.20000000E+00
 0.2937435000000E+07 0.5908430480957E+02 0.3505171203613E+02
A7  4           0.20000000E+00
 0.2937435000000E+07 0.5908430480957E+02 0.3505171203613E+02
A7  5           0.20000000E+00
 0.2937435000000E+07 0.5908430480957E+02 0.3505171203613E+02
A7  6           0.20000000E+00
 0.2937435000000E+07 0.5908430480957E+02 0.3505171203613E+02
A7  7           0.20000000E+00
 0.2937435000000E+07 0.5908430480957E+02 0.3505171203613E+02
A7  8           0.20000000E+00
 0.2937435000000E+07 0.5908430480957E+02 0.3505171203613E+02
A7  9           0.20000000E+00
 0.2937435000000E+07 0.5908430480957E+02 0.3505171203613E+02
A7 10           0.20000000E+00
 0.2937435000000E+07 0.5908430480957E+02 0.3505171203613E+02
A7 11           0.20000000E+00
 0.2937435000000E+07 0.5908430480957E+02 0.3505171203613E+02
A7 12           0.20000000E+00
 0.2937435000000E+07 0.5908430480957E+02 0.3505171203613E+02
A7 13           0.20000000E+00
 0.2937435000000E+07 0.5908430480957E+02 0.3505171203613E+02
A7 14           0.20000000E+00
 0.2937435000000E+07 0.5908430480957E+02 0.3505171203613E+02
A7 15           0.20000000E+00
 0.2937435000000E+07 0.5908430480957E+02 0.3505171203613E+02
A7 16           0.20000000E+00
 0.2937435000000E+07 0.5908430480957E+02 0.3505171203613E+02
A7 17           0.20000000E+00
 0.2937435000000E+07 0.5908430480957E+02 0.3505171203613E+02
A7 18           0.20000000E+00
 0.2937435000000E+07 0.5908430480957E+02 0.3505171203613E+02
A7 19           0.20000000E+00
 0.2937435000000E+07 0.5908430480957E+02 0.3505171203613E+02
A7 20           0.20000000E+00
 0.2937435000000E+07 0.5908430480957E+02 0.3505171203613E+02
A7 21           0.20000000E+00
 0.2937435000000E+07 0.5908430480957E+02 0.3505171203613E+02
A7 22           0.20000000E+00
 0.2937435000000E+07 0.5908430480957E+02 0.3505171203613E+02
A7 23           0.20000000E+00
 0.2937435000000E+07 0.5908430480957E+02 0.3505171203613E+02
A7 24           0.20000000E+00
 0.2937435000000E+07 0.5908430480957E+02 0.3505171203613E+02
A7 25           0.20000000E+00
 0.2937435000000E+07 0.5908430480957E+02 0.3505171203613E+02
A8  1           0.20000000E+00
 0.3613646000000E+07 0.6814469909668E+02 0.3506344985962E+02
A8  2           0.20000000E+00
 0.3613646000000E+07 0.6814469909668E+02 0.3506344985962E+02
A8  3           0.20000000E+00
 0.3613646000000E+07 0.6814469909668E+02 0.3506344985962E+02
A8  4           0.20000000E+00
 0.3613646000000E+07 0.6814469909668E+02 0.3506344985962E+02
A8  5           0.20000000E+00
 0.3613646000000E+07 0.6814469909668E+02 0.3506344985962E+02
A8  6           0.20000000E+00
 0.3613646000000E+07 0.6814469909668E+02 0.3506344985962E+02
A8  7           0.20000000E+00
 0.3613646000000E+07 0.6814469909668E+02 0.3506344985962E+02
A8  8           0.20000000E+00
 0.3613646000000E+07 0.6814469909668E+02 0.3506344985962E+02
A8  9           0.20000000E+00
 0.3613646000000E+07 0.6814469909668E+02 0.3506344985962E+02
A8 10           0.20000000E+00
 0.3613646000000E+07 0.6814469909668E+02 0.3506344985962E+02
A8 11           0.20000000E+00
 0.3613646000000E+07 0.6814469909668E+02 0.3506344985962E+02
A8 12           0.20000000E+00
 0.3613646000000E+07 0.6814469909668E+02 0.3506344985962E+02
A8 13           0.20000000E+00
 0.3613646000000E+07 0.6814469909668E+02 0.3506344985962E+02
A8 14           0.20000000E+00
 0.3613646000000E+07 0.6814469909668E+02 0.3506344985962E+02
A8 15           0.20000000E+00
 0.3613646000000E+07 0.6814469909668E+02 0.3506344985962E+02
A8 16           0.20000000E+00
 0.3613646000000E+07 0.6814469909668E+02 0.3506345367432E+02
A8 17           0.20000000E+00
 0.3613646000000E+07 0.6814469909668E+02 0.3506344985962E+02
A8 18           0.20000000E+00
 0.3613646000000E+07 0.6814469909668E+02 0.3506345367432E+02
A8 19           0.20000000E+00
 0.3613646000000E+07 0.6814469909668E+02 0.3506344985962E+02
A8 20           0.20000000E+00
 0.3613646000000E+07 0.6814469909668E+02 0.3506345367432E+02
A8 21           0.20000000E+00
 0.3613646000000E+07 0.6814469909668E+02 0.3506344985962E+02
A8 22           0.20000000E+00
 0.3613646000000E+07 0.6814469909668E+02 0.3506345367432E+02
A8 23           0.20000000E+00
 0.3613646000000E+07 0.6814469909668E+02 0.3506344985962E+02
A8 24           0.20000000E+00
 0.3613646000000E+07 0.6814469909668E+02 0.3506344985962E+02
A8 25           0.20000000E+00
 0.3613646000000E+07 0.6814469909668E+02 0.3506345367432E+02
A9  1           0.20000000E+00
 0.4289857000000E+07 0.7720508575439E+02 0.3507531738281E+02
A9  2           0.20000000E+00
 0.4289857000000E+07 0.7720508575439E+02 0.3507531738281E+02
A9  3           0.20000000E+00
 0.4289857000000E+07 0.7720508575439E+02 0.3507531738281E+02
A9  4           0.20000000E+00
 0.4289857000000E+07 0.7720508575439E+02 0.3507531738281E+02
A9  5           0.20000000E+00
 0.4289857000000E+07 0.7720508575439E+02 0.3507531738281E+02
A9  6           0.20000000E+00
 0.4289857000000E+07 0.7720508575439E+02 0.3507531738281E+02
A9  7           0.20000000E+00
 0.4289857000000E+07 0.7720508575439E+02 0.3507531738281E+02
A9  8           0.20000000E+00
 0.4289857000000E+07 0.7720508575439E+02 0.3507531738281E+02
A9  9           0.20000000E+00
 0.4289857000000E+07 0.7720508575439E+02 0.3507531738281E+02
A9 10           0.20000000E+00
 0.4289857000000E+07 0.7720508575439E+02 0.3507531738281E+02
A9 11           0.20000000E+00
 0.4289857000000E+07 0.7720508575439E+02 0.3507531738281E+02
A9 12           0.20000000E+00
 0.4289857000000E+07 0.7720508575439E+02 0.3507531738281E+02
A9 13           0.20000000E+00
 0.4289857000000E+07 0.7720508575439E+02 0.3507531738281E+02
A9 14           0.20000000E+00
 0.4289857000000E+07 0.7720508575439E+02 0.3507531738281E+02
A9 15           0.20000000E+00
 0.4289857000000E+07 0.7720508575439E+02 0.3507531738281E+02
A9 16           0.20000000E+00
 0.4289857000000E+07 0.7720508575439E+02 0.3507531738281E+02
A9 17           0.20000000E+00
 0.4289857000000E+07 0.7720508575439E+02 0.3507531738281E+02
A9 18           0.20000000E+00
 0.4289857000000E+07 0.7720508575439E+02 0.3507531738281E+02
A9 19           0.20000000E+00
 0.4289857000000E+07 0.7720508575439E+02 0.3507531738281E+02
A9 20           0.20000000E+00
 0.4289857000000E+07 0.7720508575439E+02 0.3507531738281E+02
A9 21           0.20000000E+00
 0.4289857000000E+07 0.7720508575439E+02 0.3507531738281E+02
A9 22           0.20000000E+00
 0.4289857000000E+07 0.7720508575439E+02 0.3507531738281E+02
A9 23           0.20000000E+00
 0.4289857000000E+07 0.7720508575439E+02 0.3507531738281E+02
A9 24           0.20000000E+00
 0.4289857000000E+07 0.7720508575439E+02 0.3507531738281E+02
A9 25           0.20000000E+00
 0.4289857000000E+07 0.7720508575439E+02 0.3507531738281E+02
AA  1           0.20000000E+00
 0.4966068000000E+07 0.8626548004150E+02 0.3508731460571E+02
AA  2           0.20000000E+00
 0.4966068000000E+07 0.8626548004150E+02 0.3508731460571E+02
AA  3           0.20000000E+00
 0.4966068000000E+07 0.8626548004150E+02 0.3508731460571E+02
AA  4           0.20000000E+00
 0.4966068000000E+07 0.8626548004150E+02 0.3508731460571E+02
AA  5           0.20000000E+00
 0.4966068000000E+07 0.8626548004150E+02 0.3508731460571E+02
AA  6           0.20000000E+00
 0.4966068000000E+07 0.8626548004150E+02 0.3508731460571E+02
AA  7           0.20000000E+00
 0.4966068000000E+07 0.8626548004150E+02 0.3508731460571E+02
AA  8           0.20000000E+00
 0.4966068000000E+07 0.8626548004150E+02 0.3508731460571E+02
AA  9           0.20000000E+00
 0.4966068000000E+07 0.8626548004150E+02 0.3508731460571E+02
AA 10           0.20000000E+00
 0.4966068000000E+07 0.8626548004150E+02 0.3508731460571E+02
AA 11           0.20000000E+00
 0.4966068000000E+07 0.8626548004150E+02 0.3508731460571E+02
AA 12           0.20000000E+00
 0.4966068000000E+07 0.8626548004150E+02 0.3508731460571E+02
AA 13           0.20000000E+00
 0.4966068000000E+07 0.8626548004150E+02 0.3508731460571E+02
AA 14           0.20000000E+00
 0.4966068000000E+07 0.8626548004150E+02 0.3508731460571E+02
AA 15           0.20000000E+00
 0.4966068000000E+07 0.8626548004150E+02 0.3508731460571E+02
AA 16           0.20000000E+00
 0.4966068000000E+07 0.8626548004150E+02 0.3508731460571E+02
AA 17           0.20000000E+00
 0.4966068000000E+07 0.8626548004150E+02 0.3508731460571E+02
AA 18           0.20000000E+00
 0.4966068000000E+07 0.8626548004150E+02 0.3508731460571E+02
AA 19           0.20000000E+00
 0.4966068000000E+07 0.8626548004150E+02 0.3508731460571E+02
AA 20           0.20000000E+00
 0.4966068000000E+07 0.8626548004150E+02 0.3508731460571E+02
AA 21           0.20000000E+00
 0.4966068000000E+07 0.8626548004150E+02 0.3508731460571E+02
AA 22           0.20000000E+00
 0.4966068000000E+07 0.8626548004150E+02 0.3508731460571E+02
AA 23           0.20000000E+00
 0.4966068000000E+07 0.8626548004150E+02 0.3508731460571E+02
AA 24           0.20000000E+00
 0.4966068000000E+07 0.8626548004150E+02 0.3508731460571E+02
AA 25           0.20000000E+00
 0.4966068000000E+07 0.8626548004150E+02 0.3508731460571E+02
AB  1           0.20000000E+00
 0.5642279000000E+07 0.9532586669922E+02 0.3509944152832E+02
AB  2           0.20000000E+00
 0.5642279000000E+07 0.9532586669922E+02 0.3509944152832E+02
AB  3           0.20000000E+00
 0.5642279000000E+07 0.9532586669922E+02 0.3509944152832E+02
AB  4           0.20000000E+00
 0.5642279000000E+07 0.9532586669922E+02 0.3509944152832E+02
AB  5           0.20000000E+00
 0.5642279000000E+07 0.9532586669922E+02 0.3509944152832E+02
AB  6           0.20000000E+00
 0.5642279000000E+07 0.9532586669922E+02 0.3509944152832E+02
AB  7           0.20000000E+00
 0.5642279000000E+07 0.9532586669922E+02 0.3509944152832E+02
AB  8           0.20000000E+00
 0.5642279000000E+07 0.9532586669922E+02 0.3509944152832E+02
AB  9           0.20000000E+00
 0.5642279000000E+07 0.9532586669922E+02 0.3509944152832E+02
AB 10           0.20000000E+00
 0.5642279000000E+07 0.9532586669922E+02 0.3509944152832E+02
AB 11           0.20000000E+00
 0.5642279000000E+07 0.9532586669922E+02 0.3509944152832E+02
AB 12           0.20000000E+00
 0.5642279000000E+07 0.9532586669922E+02 0.3509944152832E+02
AB 13           0.20000000E+00
 0.5642279000000E+07 0.9532586669922E+02 0.3509944152832E+02
AB 14           0.20000000E+00
 0.5642279000000E+07 0.9532586669922E+02 0.3509944152832E+02
AB 15           0.20000000E+00
 0.5642279000000E+07 0.9532586669922E+02 0.3509944152832E+02
AB 16           0.20000000E+00
 0.5642279000000E+07 0.9532586669922E+02 0.3509944152832E+02
AB 17           0.20000000E+00
 0.5642279000000E+07 0.9532586669922E+02 0.3509944152832E+02
AB 18           0.20000000E+00
 0.5642279000000E+07 0.9532586669922E+02 0.3509944152832E+02
AB 19           0.20000000E+00
 0.5642279000000E+07 0.9532586669922E+02 0.3509944152832E+02
AB 20           0.20000000E+00
 0.5642279000000E+07 0.9532586669922E+02 0.3509944152832E+02
AB 21           0.20000000E+00
 0.5642279000000E+07 0.9532586669922E+02 0.3509944152832E+02
AB 22           0.20000000E+00
 0.5642279000000E+07 0.9532586669922E+02 0.3509944152832E+02
AB 23           0.20000000E+00
 0.5642279000000E+07 0.9532586669922E+02 0.3509944152832E+02
AB 24           0.20000000E+00
 0.5642279000000E+07 0.9532586669922E+02 0.3509944152832E+02
AB 25           0.20000000E+00
 0.5642279000000E+07 0.9532586669922E+02 0.3509944152832E+02
AC  1           0.20000000E+00
 0.6318490500000E+07 0.1043862533569E+03 0.3511169052124E+02
AC  2           0.20000000E+00
 0.6318490500000E+07 0.1043862533569E+03 0.3511169052124E+02
AC  3           0.20000000E+00
 0.6318490500000E+07 0.1043862533569E+03 0.3511169052124E+02
AC  4           0.20000000E+00
 0.6318490500000E+07 0.1043862533569E+03 0.3511169052124E+02
AC  5           0.20000000E+00
 0.6318490500000E+07 0.1043862533569E+03 0.3511169052124E+02
AC  6           0.20000000E+00
 0.6318490500000E+07 0.1043862533569E+03 0.3511169052124E+02
AC  7           0.20000000E+00
 0.6318490500000E+07 0.1043862533569E+03 0.3511169052124E+02
AC  8           0.20000000E+00
 0.6318490500000E+07 0.1043862533569E+03 0.3511169052124E+02
AC  9           0.20000000E+00
 0.6318490500000E+07 0.1043862533569E+03 0.3511169052124E+02
AC 10           0.20000000E+00
 0.6318490500000E+07 0.1043862533569E+03 0.3511169052124E+02
AC 11           0.20000000E+00
 0.6318490500000E+07 0.1043862533569E+03 0.3511169052124E+02
AC 12           0.20000000E+00
 0.6318490500000E+07 0.1043862533569E+03 0.3511169052124E+02
AC 13           0.20000000E+00
 0.6318490500000E+07 0.1043862533569E+03 0.3511169052124E+02
AC 14           0.20000000E+00
 0.6318490500000E+07 0.1043862533569E+03 0.3511169052124E+02
AC 15           0.20000000E+00
 0.6318490500000E+07 0.1043862533569E+03 0.3511169052124E+02
AC 16           0.20000000E+00
 0.6318490500000E+07 0.1043862533569E+03 0.3511169052124E+02
AC 17           0.20000000E+00
 0.6318490500000E+07 0.1043862533569E+03 0.3511169052124E+02
AC 18           0.20000000E+00
 0.6318490500000E+07 0.1043862533569E+03 0.3511169052124E+02
AC 19           0.20000000E+00
 0.6318490500000E+07 0.1043862533569E+03 0.3511169052124E+02
AC 20           0.20000000E+00
 0.6318490500000E+07 0.1043862533569E+03 0.3511169052124E+02
AC 21           0.20000000E+00
 0.6318490500000E+07 0.1043862533569E+03 0.3511169052124E+02
AC 22           0.20000000E+00
 0.6318490500000E+07 0.1043862533569E+03 0.3511169052124E+02
AC 23           0.20000000E+00
 0.6318490500000E+07 0.1043862533569E+03 0.3511169052124E+02
AC 24           0.20000000E+00
 0.6318490500000E+07 0.1043862533569E+03 0.3511169052124E+02
AC 25           0.20000000E+00
 0.6318490500000E+07 0.1043862533569E+03 0.3511169052124E+02
AD  1           0.20000000E+00
 0.6994701500000E+07 0.1134466476440E+03 0.3512405395508E+02
AD  2           0.20000000E+00
 0.6994701500000E+07 0.1134466476440E+03 0.3512405395508E+02
AD  3           0.20000000E+00
 0.6994701500000E+07 0.1134466476440E+03 0.3512405395508E+02
AD  4           0.20000000E+00
 0.6994701500000E+07 0.1134466476440E+03 0.3512405395508E+02
AD  5           0.20000000E+00
 0.6994701500000E+07 0.1134466476440E+03 0.3512405395508E+02
AD  6           0.20000000E+00
 0.6994701500000E+07 0.1134466476440E+03 0.3512405395508E+02
AD  7           0.20000000E+00
 0.6994701500000E+07 0.1134466476440E+03 0.3512405395508E+02
AD  8           0.20000000E+00
 0.6994701500000E+07 0.1134466476440E+03 0.3512405395508E+02
AD  9           0.20000000E+00
 0.6994701500000E+07 0.1134466476440E+03 0.3512405395508E+02
AD 10           0.20000000E+00
 0.6994701500000E+07 0.1134466476440E+03 0.3512405395508E+02
AD 11           0.20000000E+00
 0.6994701500000E+07 0.1134466476440E+03 0.3512405395508E+02
AD 12           0.20000000E+00
 0.6994701500000E+07 0.1134466476440E+03 0.3512405395508E+02
AD 13           0.20000000E+00
 0.6994701500000E+07 0.1134466476440E+03 0.3512405395508E+02
AD 14           0.20000000E+00
 0.6994701500000E+07 0.1134466476440E+03 0.3512405395508E+02
AD 15           0.20000000E+00
 0.6994701500000E+07 0.1134466476440E+03 0.3512405395508E+02
AD 16           0.20000000E+00
 0.6994701500000E+07 0.1134466476440E+03 0.3512405395508E+02
AD 17           0.20000000E+00
 0.6994701500000E+07 0.1134466476440E+03 0.3512405395508E+02
AD 18           0.20000000E+00
 0.6994701500000E+07 0.1134466476440E+03 0.3512405395508E+02
AD 19           0.20000000E+00
 0.6994701500000E+07 0.1134466476440E+03 0.3512405395508E+02
AD 20           0.20000000E+00
 0.6994701500000E+07 0.1134466476440E+03 0.3512405395508E+02
AD 21           0.20000000E+00
 0.6994701500000E+07 0.1134466476440E+03 0.3512405395508E+02
AD 22           0.20000000E+00
 0.6994701500000E+07 0.1134466476440E+03 0.3512405395508E+02
AD 23           0.20000000E+00
 0.6994701500000E+07 0.1134466476440E+03 0.3512405395508E+02
AD 24           0.20000000E+00
 0.6994701500000E+07 0.1134466476440E+03 0.3512405395508E+02
AD 25           0.20000000E+00
 0.6994701500000E+07 0.1134466476440E+03 0.3512405395508E+02
AE  1           0.20000000E+00
 0.7670912500000E+07 0.1225070343018E+03 0.3513651275635E+02
AE  2           0.20000000E+00
 0.7670912500000E+07 0.1225070343018E+03 0.3513651275635E+02
AE  3           0.20000000E+00
 0.7670912500000E+07 0.1225070343018E+03 0.3513651275635E+02
AE  4           0.20000000E+00
 0.7670912500000E+07 0.1225070343018E+03 0.3513651275635E+02
AE  5           0.20000000E+00
 0.7670912500000E+07 0.1225070343018E+03 0.3513651275635E+02
AE  6           0.20000000E+00
 0.7670912500000E+07 0.1225070343018E+03 0.3513651275635E+02
AE  7           0.20000000E+00
 0.7670912500000E+07 0.1225070343018E+03 0.3513651275635E+02
AE  8           0.20000000E+00
 0.7670912500000E+07 0.1225070343018E+03 0.3513651275635E+02
AE  9           0.20000000E+00
 0.7670912500000E+07 0.1225070343018E+03 0.3513651275635E+02
AE 10           0.20000000E+00
 0.7670912500000E+07 0.1225070343018E+03 0.3513651275635E+02
AE 11           0.20000000E+00
 0.7670912500000E+07 0.1225070343018E+03 0.3513651275635E+02
AE 12           0.20000000E+00
 0.7670912500000E+07 0.1225070343018E+03 0.3513651275635E+02
AE 13           0.20000000E+00
 0.7670912500000E+07 0.1225070343018E+03 0.3513651275635E+02
AE 14           0.20000000E+00
 0.7670912500000E+07 0.1225070343018E+03 0.3513651275635E+02
AE 15           0.20000000E+00
 0.7670912500000E+07 0.1225070343018E+03 0.3513651275635E+02
AE 16           0.20000000E+00
 0.7670912500000E+07 0.1225070343018E+03 0.3513651275635E+02
AE 17           0.20000000E+00
 0.7670912500000E+07 0.1225070343018E+03 0.3513651275635E+02
AE 18           0.20000000E+00
 0.7670912500000E+07 0.1225070343018E+03 0.3513651275635E+02
AE 19           0.20000000E+00
 0.7670912500000E+07 0.1225070343018E+03 0.3513651275635E+02
AE 20           0.20000000E+00
 0.7670912500000E+07 0.1225070343018E+03 0.3513651275635E+02
AE 21           0.20000000E+00
 0.7670912500000E+07 0.1225070343018E+03 0.3513651275635E+02
AE 22           0.20000000E+00
 0.7670912500000E+07 0.1225070343018E+03 0.3513651275635E+02
AE 23           0.20000000E+00
 0.7670912500000E+07 0.1225070343018E+03 0.3513651275635E+02
AE 24           0.20000000E+00
 0.7670912500000E+07 0.1225070343018E+03 0.3513651275635E+02
AE 25           0.20000000E+00
 0.7670912500000E+07 0.1225070343018E+03 0.3513651275635E+02
AF  1           0.20000000E+00
 0.8347123500000E+07 0.1315674285889E+03 0.3514904785156E+02
AF  2           0.20000000E+00
 0.8347123500000E+07 0.1315674285889E+03 0.3514904785156E+02
AF  3           0.20000000E+00
 0.8347123500000E+07 0.1315674285889E+03 0.3514904785156E+02
AF  4           0.20000000E+00
 0.8347123500000E+07 0.1315674285889E+03 0.3514904785156E+02
AF  5           0.20000000E+00
 0.8347123500000E+07 0.1315674285889E+03 0.3514904785156E+02
AF  6           0.20000000E+00
 0.8347123500000E+07 0.1315674285889E+03 0.3514904785156E+02
AF  7           0.20000000E+00
 0.8347123500000E+07 0.1315674285889E+03 0.3514904785156E+02
AF  8           0.20000000E+00
 0.8347123500000E+07 0.1315674285889E+03 0.3514904785156E+02
AF  9           0.20000000E+00
 0.8347123500000E+07 0.1315674285889E+03 0.3514904785156E+02
AF 10           0.20000000E+00
 0.8347123500000E+07 0.1315674285889E+03 0.3514904785156E+02
AF 11           0.20000000E+00
 0.8347123500000E+07 0.1315674285889E+03 0.3514904785156E+02
AF 12           0.20000000E+00
 0.8347123500000E+07 0.1315674285889E+03 0.3514904785156E+02
AF 13           0.20000000E+00
 0.8347123500000E+07 0.1315674285889E+03 0.3514904785156E+02
AF 14           0.20000000E+00
 0.8347123500000E+07 0.1315674285889E+03 0.3514904785156E+02
AF 15           0.20000000E+00
 0.8347123500000E+07 0.1315674285889E+03 0.3514904785156E+02
AF 16           0.20000000E+00
 0.8347123500000E+07 0.1315674285889E+03 0.3514904785156E+02
AF 17           0.20000000E+00
 0.8347123500000E+07 0.1315674285889E+03 0.3514904785156E+02
AF 18           0.20000000E+00
 0.8347123500000E+07 0.1315674285889E+03 0.3514904785156E+02
AF 19           0.20000000E+00
 0.8347123500000E+07 0.1315674285889E+03 0.3514905166626E+02
AF 20           0.20000000E+00
 0.8347123500000E+07 0.1315674285889E+03 0.3514905166626E+02
AF 21           0.20000000E+00
 0.8347123500000E+07 0.1315674285889E+03 0.3514905166626E+02
AF 22           0.20000000E+00
 0.8347123500000E+07 0.1315674285889E+03 0.3514905166626E+02
AF 23           0.20000000E+00
 0.8347123500000E+07 0.1315674285889E+03 0.3514905166626E+02
AF 24           0.20000000E+00
 0.8347123500000E+07 0.1315674285889E+03 0.3514905166626E+02
AF 25           0.20000000E+00
 0.8347123500000E+07 0.1315674285889E+03 0.3514905166626E+02
AG  1           0.20000000E+00
 0.9023334000000E+07 0.1406278228760E+03 0.3516163635254E+02
AG  2           0.20000000E+00
 0.9023334000000E+07 0.1406278228760E+03 0.3516163635254E+02
AG  3           0.20000000E+00
 0.9023334000000E+07 0.1406278228760E+03 0.3516163635254E+02
AG  4           0.20000000E+00
 0.9023334000000E+07 0.1406278228760E+03 0.3516163635254E+02
AG  5           0.20000000E+00
 0.9023334000000E+07 0.1406278228760E+03 0.3516163635254E+02
AG  6           0.20000000E+00
 0.9023334000000E+07 0.1406278228760E+03 0.3516163635254E+02
AG  7           0.20000000E+00
 0.9023334000000E+07 0.1406278228760E+03 0.3516163635254E+02
AG  8           0.20000000E+00
 0.9023334000000E+07 0.1406278228760E+03 0.3516163635254E+02
AG  9           0.20000000E+00
 0.9023334000000E+07 0.1406278228760E+03 0.3516163635254E+02
AG 10           0.20000000E+00
 0.9023334000000E+07 0.1406278228760E+03 0.3516163635254E+02
AG 11           0.20000000E+00
 0.9023334000000E+07 0.1406278228760E+03 0.3516163635254E+02
AG 12           0.20000000E+00
 0.9023334000000E+07 0.1406278228760E+03 0.3516163635254E+02
AG 13           0.20000000E+00
 0.9023334000000E+07 0.1406278228760E+03 0.3516163635254E+02
AG 14           0.20000000E+00
 0.9023334000000E+07 0.1406278228760E+03 0.3516163635254E+02
AG 15           0.20000000E+00
 0.9023334000000E+07 0.1406278228760E+03 0.3516163635254E+02
AG 16           0.20000000E+00
 0.9023334000000E+07 0.1406278228760E+03 0.3516163635254E+02
AG 17           0.20000000E+00
 0.9023334000000E+07 0.1406278228760E+03 0.3516163635254E+02
AG 18           0.20000000E+00
 0.9023334000000E+07 0.1406278228760E+03 0.3516163635254E+02
AG 19           0.20000000E+00
 0.9023334000000E+07 0.1406278228760E+03 0.3516163635254E+02
AG 20           0.20000000E+00
 0.9023334000000E+07 0.1406278228760E+03 0.3516163635254E+02
AG 21           0.20000000E+00
 0.9023334000000E+07 0.1406278228760E+03 0.3516163635254E+02
AG 22           0.20000000E+00
 0.9023334000000E+07 0.1406278228760E+03 0.3516163635254E+02
AG 23           0.20000000E+00
 0.9023334000000E+07 0.1406278228760E+03 0.3516163635254E+02
AG 24           0.20000000E+00
 0.9023334000000E+07 0.1406278228760E+03 0.3516163635254E+02
AG 25           0.20000000E+00
 0.9023334000000E+07 0.1406278228760E+03 0.3516163635254E+02
AH  1           0.20000000E+00
 0.9699546000000E+07 0.1496882019043E+03 0.3517423629761E+02
AH  2           0.20000000E+00
 0.9699546000000E+07 0.1496882019043E+03 0.3517423629761E+02
AH  3           0.20000000E+00
 0.9699546000000E+07 0.1496882019043E+03 0.3517423629761E+02
AH  4           0.20000000E+00
 0.9699546000000E+07 0.1496882019043E+03 0.3517423629761E+02
AH  5           0.20000000E+00
 0.9699546000000E+07 0.1496882019043E+03 0.3517423629761E+02
AH  6           0.20000000E+00
 0.9699546000000E+07 0.1496882019043E+03 0.3517423629761E+02
AH  7           0.20000000E+00
 0.9699546000000E+07 0.1496882019043E+03 0.3517423629761E+02
AH  8           0.20000000E+00
 0.9699546000000E+07 0.1496882019043E+03 0.3517423629761E+02
AH  9           0.20000000E+00
 0.9699546000000E+07 0.1496882019043E+03 0.3517423629761E+02
AH 10           0.20000000E+00
 0.9699546000000E+07 0.1496882019043E+03 0.3517423629761E+02
AH 11           0.20000000E+00
 0.9699546000000E+07 0.1496882019043E+03 0.3517423629761E+02
AH 12           0.20000000E+00
 0.9699546000000E+07 0.1496882019043E+03 0.3517423629761E+02
AH 13           0.20000000E+00
 0.9699546000000E+07 0.1496882019043E+03 0.3517423629761E+02
AH 14           0.20000000E+00
 0.9699546000000E+07 0.1496882019043E+03 0.3517423629761E+02
AH 15           0.20000000E+00
 0.9699546000000E+07 0.1496882019043E+03 0.3517423629761E+02
AH 16           0.20000000E+00
 0.9699546000000E+07 0.1496882019043E+03 0.3517423629761E+02
AH 17           0.20000000E+00
 0.9699546000000E+07 0.1496882019043E+03 0.3517423629761E+02
AH 18           0.20000000E+00
 0.9699546000000E+07 0.1496882019043E+03 0.3517423629761E+02
AH 19           0.20000000E+00
 0.9699546000000E+07 0.1496882019043E+03 0.3517423629761E+02
AH 20           0.20000000E+00
 0.9699546000000E+07 0.1496882019043E+03 0.3517423629761E+02
AH 21           0.20000000E+00
 0.9699546000000E+07 0.1496882019043E+03 0.3517423629761E+02
AH 22           0.20000000E+00
 0.9699546000000E+07 0.1496882019043E+03 0.3517423629761E+02
AH 23           0.20000000E+00
 0.9699546000000E+07 0.1496882019043E+03 0.3517423629761E+02
AH 24           0.20000000E+00
 0.9699546000000E+07 0.1496882019043E+03 0.3517423629761E+02
AH 25           0.20000000E+00
 0.9699546000000E+07 0.1496882019043E+03 0.3517423629761E+02
AI  1           0.20000000E+00
 0.1038065700000E+08 0.1588142547607E+03 0.3518681716919E+02
AI  2           0.20000000E+00
 0.1038065700000E+08 0.1588142547607E+03 0.3518681716919E+02
AI  3           0.20000000E+00
 0.1038065700000E+08 0.1588142547607E+03 0.3518681716919E+02
AI  4           0.20000000E+00
 0.1038065700000E+08 0.1588142547607E+03 0.3518681716919E+02
AI  5           0.20000000E+00
 0.1038065700000E+08 0.1588142547607E+03 0.3518681716919E+02
AI  6           0.20000000E+00
 0.1038065700000E+08 0.1588142547607E+03 0.3518681716919E+02
AI  7           0.20000000E+00
 0.1038065700000E+08 0.1588142547607E+03 0.3518681716919E+02
AI  8           0.20000000E+00
 0.1038065700000E+08 0.1588142547607E+03 0.3518681716919E+02
AI  9           0.20000000E+00
 0.1038065700000E+08 0.1588142547607E+03 0.3518681716919E+02
AI 10           0.20000000E+00
 0.1038065700000E+08 0.1588142547607E+03 0.3518681716919E+02
AI 11           0.20000000E+00
 0.1038065700000E+08 0.1588142547607E+03 0.3518681716919E+02
AI 12           0.20000000E+00
 0.1038065700000E+08 0.1588142547607E+03 0.3518681716919E+02
AI 13           0.20000000E+00
 0.1038065700000E+08 0.1588142547607E+03 0.3518681716919E+02
AI 14           0.20000000E+00
 0.1038065700000E+08 0.1588142547607E+03 0.3518681716919E+02
AI 15           0.20000000E+00
 0.1038065700000E+08 0.1588142547607E+03 0.3518681716919E+02
AI 16           0.20000000E+00
 0.1038065700000E+08 0.1588142547607E+03 0.3518681716919E+02
AI 17           0.20000000E+00
 0.1038065700000E+08 0.1588142547607E+03 0.3518681716919E+02
AI 18           0.20000000E+00
 0.1038065700000E+08 0.1588142547607E+03 0.3518681716919E+02
AI 19           0.20000000E+00
 0.1038065700000E+08 0.1588142547607E+03 0.3518681716919E+02
AI 20           0.20000000E+00
 0.1038065700000E+08 0.1588142547607E+03 0.3518681716919E+02
AI 21           0.20000000E+00
 0.1038065700000E+08 0.1588142547607E+03 0.3518681716919E+02
AI 22           0.20000000E+00
 0.1038065700000E+08 0.1588142547607E+03 0.3518681716919E+02
AI 23           0.20000000E+00
 0.1038065700000E+08 0.1588142547607E+03 0.3518681716919E+02
AI 24           0.20000000E+00
 0.1038065700000E+08 0.1588142547607E+03 0.3518681716919E+02
AI 25           0.20000000E+00
 0.1038065700000E+08 0.1588142547607E+03 0.3518681716919E+02
AJ  1           0.20000000E+00
 0.1105686800000E+08 0.1678746490479E+03 0.3519932556152E+02
AJ  2           0.20000000E+00
 0.1105686800000E+08 0.1678746490479E+03 0.3519932556152E+02
AJ  3           0.20000000E+00
 0.1105686800000E+08 0.1678746490479E+03 0.3519932556152E+02
AJ  4           0.20000000E+00
 0.1105686800000E+08 0.1678746490479E+03 0.3519932556152E+02
AJ  5           0.20000000E+00
 0.1105686800000E+08 0.1678746490479E+03 0.3519932174683E+02
AJ  6           0.20000000E+00
 0.1105686800000E+08 0.1678746490479E+03 0.3519932174683E+02
AJ  7           0.20000000E+00
 0.1105686800000E+08 0.1678746490479E+03 0.3519932174683E+02
AJ  8           0.20000000E+00
 0.1105686800000E+08 0.1678746490479E+03 0.3519932174683E+02
AJ  9           0.20000000E+00
 0.1105686800000E+08 0.1678746490479E+03 0.3519932174683E+02
AJ 10           0.20000000E+00
 0.1105686800000E+08 0.1678746490479E+03 0.3519932174683E+02
AJ 11           0.20000000E+00
 0.1105686800000E+08 0.1678746490479E+03 0.3519932174683E+02
AJ 12           0.20000000E+00
 0.1105686800000E+08 0.1678746490479E+03 0.3519932174683E+02
AJ 13           0.20000000E+00
 0.1105686800000E+08 0.1678746490479E+03 0.3519932174683E+02
AJ 14           0.20000000E+00
 0.1105686800000E+08 0.1678746490479E+03 0.3519932174683E+02
AJ 15           0.20000000E+00
 0.1105686800000E+08 0.1678746490479E+03 0.3519932174683E+02
AJ 16           0.20000000E+00
 0.1105686800000E+08 0.1678746490479E+03 0.3519932174683E+02
AJ 17           0.20000000E+00
 0.1105686800000E+08 0.1678746490479E+03 0.3519932174683E+02
AJ 18           0.20000000E+00
 0.1105686800000E+08 0.1678746490479E+03 0.3519932174683E+02
AJ 19           0.20000000E+00
 0.1105686800000E+08 0.1678746490479E+03 0.3519932556152E+02
AJ 20           0.20000000E+00
 0.1105686800000E+08 0.1678746490479E+03 0.3519932556152E+02
AJ 21           0.20000000E+00
 0.1105686800000E+08 0.1678746490479E+03 0.3519932556152E+02
AJ 22           0.20000000E+00
 0.1105686800000E+08 0.1678746490479E+03 0.3519932556152E+02
AJ 23           0.20000000E+00
 0.1105686800000E+08 0.1678746490479E+03 0.3519932556152E+02
AJ 24           0.20000000E+00
 0.1105686800000E+08 0.1678746490479E+03 0.3519932556152E+02
AJ 25           0.20000000E+00
 0.1105686800000E+08 0.1678746490479E+03 0.3519932556152E+02
AK  1           0.20000000E+00
 0.1173307900000E+08 0.1769350280762E+03 0.3521169662476E+02
AK  2           0.20000000E+00
 0.1173307900000E+08 0.1769350280762E+03 0.3521169662476E+02
AK  3           0.20000000E+00
 0.1173307900000E+08 0.1769350280762E+03 0.3521169662476E+02
AK  4           0.20000000E+00
 0.1173307900000E+08 0.1769350280762E+03 0.3521169662476E+02
AK  5           0.20000000E+00
 0.1173307900000E+08 0.1769350280762E+03 0.3521169662476E+02
AK  6           0.20000000E+00
 0.1173307900000E+08 0.1769350280762E+03 0.3521169662476E+02
AK  7           0.20000000E+00
 0.1173307900000E+08 0.1769350280762E+03 0.3521169662476E+02
AK  8           0.20000000E+00
 0.1173307900000E+08 0.1769350280762E+03 0.3521169662476E+02
AK  9           0.20000000E+00
 0.1173307900000E+08 0.1769350280762E+03 0.3521169662476E+02
AK 10           0.20000000E+00
 0.1173307900000E+08 0.1769350280762E+03 0.3521169662476E+02
AK 11           0.20000000E+00
 0.1173307900000E+08 0.1769350280762E+03 0.3521169662476E+02
AK 12           0.20000000E+00
 0.1173307900000E+08 0.1769350280762E+03 0.3521169662476E+02
AK 13           0.20000000E+00
 0.1173307900000E+08 0.1769350280762E+03 0.3521169662476E+02
AK 14           0.20000000E+00
 0.1173307900000E+08 0.1769350280762E+03 0.3521169662476E+02
AK 15           0.20000000E+00
 0.1173307900000E+08 0.1769350280762E+03 0.3521169662476E+02
AK 16           0.20000000E+00
 0.1173307900000E+08 0.1769350280762E+03 0.3521169662476E+02
AK 17           0.20000000E+00
 0.1173307900000E+08 0.1769350280762E+03 0.3521169662476E+02
AK 18           0.20000000E+00
 0.1173307900000E+08 0.1769350280762E+03 0.3521169662476E+02
AK 19           0.20000000E+00
 0.1173307900000E+08 0.1769350280762E+03 0.3521169662476E+02
AK 20           0.20000000E+00
 0.1173307900000E+08 0.1769350280762E+03 0.3521169662476E+02
AK 21           0.20000000E+00
 0.1173307900000E+08 0.1769350280762E+03 0.3521169662476E+02
AK 22           0.20000000E+00
 0.1173307900000E+08 0.1769350280762E+03 0.3521169662476E+02
AK 23           0.20000000E+00
 0.1173307900000E+08 0.1769350280762E+03 0.3521169662476E+02
AK 24           0.20000000E+00
 0.1173307900000E+08 0.1769350280762E+03 0.3521169662476E+02
AK 25           0.20000000E+00
 0.1173307900000E+08 0.1769350280762E+03 0.3521169662476E+02
AL  1           0.20000000E+00
 0.1240929000000E+08 0.1859954223633E+03 0.3522386550903E+02
AL  2           0.20000000E+00
 0.1240929000000E+08 0.1859954223633E+03 0.3522386550903E+02
AL  3           0.20000000E+00
 0.1240929000000E+08 0.1859954223633E+03 0.3522386550903E+02
AL  4           0.20000000E+00
 0.1240929000000E+08 0.1859954223633E+03 0.3522386550903E+02
AL  5           0.20000000E+00
 0.1240929000000E+08 0.1859954223633E+03 0.3522386550903E+02
AL  6           0.20000000E+00
 0.1240929000000E+08 0.1859954223633E+03 0.3522386550903E+02
AL  7           0.20000000E+00
 0.1240929000000E+08 0.1859954223633E+03 0.3522386550903E+02
AL  8           0.20000000E+00
 0.1240929000000E+08 0.1859954223633E+03 0.3522386550903E+02
AL  9           0.20000000E+00
 0.1240929000000E+08 0.1859954223633E+03 0.3522386550903E+02
AL 10           0.20000000E+00
 0.1240929000000E+08 0.1859954223633E+03 0.3522386550903E+02
AL 11           0.20000000E+00
 0.1240929000000E+08 0.1859954223633E+03 0.3522386550903E+02
AL 12           0.20000000E+00
 0.1240929000000E+08 0.1859954223633E+03 0.3522386550903E+02
AL 13           0.20000000E+00
 0.1240929000000E+08 0.1859954223633E+03 0.3522386550903E+02
AL 14           0.20000000E+00
 0.1240929000000E+08 0.1859954223633E+03 0.3522386169434E+02
AL 15           0.20000000E+00
 0.1240929000000E+08 0.1859954223633E+03 0.3522386169434E+02
AL 16           0.20000000E+00
 0.1240929000000E+08 0.1859954223633E+03 0.3522386169434E+02
AL 17           0.20000000E+00
 0.1240929000000E+08 0.1859954223633E+03 0.3522386169434E+02
AL 18           0.20000000E+00
 0.1240929000000E+08 0.1859954223633E+03 0.3522386550903E+02
AL 19           0.20000000E+00
 0.1240929000000E+08 0.1859954223633E+03 0.3522386550903E+02
AL 20           0.20000000E+00
 0.1240929000000E+08 0.1859954223633E+03 0.3522386550903E+02
AL 21           0.20000000E+00
 0.1240929000000E+08 0.1859954223633E+03 0.3522386550903E+02
AL 22           0.20000000E+00
 0.1240929000000E+08 0.1859954223633E+03 0.3522386550903E+02
AL 23           0.20000000E+00
 0.1240929000000E+08 0.1859954223633E+03 0.3522386550903E+02
AL 24           0.20000000E+00
 0.1240929000000E+08 0.1859954223633E+03 0.3522386550903E+02
AL 25           0.20000000E+00
 0.1240929000000E+08 0.1859954223633E+03 0.3522386550903E+02
AM  1           0.20000000E+00
 0.1308550100000E+08 0.1950558166504E+03 0.3523573303223E+02
AM  2           0.20000000E+00
 0.1308550100000E+08 0.1950558166504E+03 0.3523573303223E+02
AM  3           0.20000000E+00
 0.1308550100000E+08 0.1950558166504E+03 0.3523573303223E+02
AM  4           0.20000000E+00
 0.1308550100000E+08 0.1950558166504E+03 0.3523573303223E+02
AM  5           0.20000000E+00
 0.1308550100000E+08 0.1950558166504E+03 0.3523573303223E+02
AM  6           0.20000000E+00
 0.1308550100000E+08 0.1950558166504E+03 0.3523573303223E+02
AM  7           0.20000000E+00
 0.1308550100000E+08 0.1950558166504E+03 0.3523573303223E+02
AM  8           0.20000000E+00
 0.1308550100000E+08 0.1950558166504E+03 0.3523573303223E+02
AM  9           0.20000000E+00
 0.1308550100000E+08 0.1950558166504E+03 0.3523573303223E+02
AM 10           0.20000000E+00
 0.1308550100000E+08 0.1950558166504E+03 0.3523573303223E+02
AM 11           0.20000000E+00
 0.1308550100000E+08 0.1950558166504E+03 0.3523573303223E+02
AM 12           0.20000000E+00
 0.1308550100000E+08 0.1950558166504E+03 0.3523573303223E+02
AM 13           0.20000000E+00
 0.1308550100000E+08 0.1950558166504E+03 0.3523573303223E+02
AM 14           0.20000000E+00
 0.1308550100000E+08 0.1950558166504E+03 0.3523573303223E+02
AM 15           0.20000000E+00
 0.1308550100000E+08 0.1950558166504E+03 0.3523573303223E+02
AM 16           0.20000000E+00
 0.1308550100000E+08 0.1950558166504E+03 0.3523573303223E+02
AM 17           0.20000000E+00
 0.1308550100000E+08 0.1950558166504E+03 0.3523573303223E+02
AM 18           0.20000000E+00
 0.1308550100000E+08 0.1950558166504E+03 0.3523573303223E+02
AM 19           0.20000000E+00
 0.1308550100000E+08 0.1950558166504E+03 0.3523573303223E+02
AM 20           0.20000000E+00
 0.1308550100000E+08 0.1950558166504E+03 0.3523573303223E+02
AM 21           0.20000000E+00
 0.1308550100000E+08 0.1950558166504E+03 0.3523573303223E+02
AM 22           0.20000000E+00
 0.1308550100000E+08 0.1950558166504E+03 0.3523573303223E+02
AM 23           0.20000000E+00
 0.1308550100000E+08 0.1950558166504E+03 0.3523573303223E+02
AM 24           0.20000000E+00
 0.1308550100000E+08 0.1950558166504E+03 0.3523573303223E+02
AM 25           0.20000000E+00
 0.1308550100000E+08 0.1950558166504E+03 0.3523573303223E+02
AN  1           0.20000000E+00
 0.1376171200000E+08 0.2041161956787E+03 0.3524720001221E+02
AN  2           0.20000000E+00
 0.1376171200000E+08 0.2041161956787E+03 0.3524720001221E+02
AN  3           0.20000000E+00
 0.1376171200000E+08 0.2041161956787E+03 0.3524720001221E+02
AN  4           0.20000000E+00
 0.1376171200000E+08 0.2041161956787E+03 0.3524720001221E+02
AN  5           0.20000000E+00
 0.1376171200000E+08 0.2041161956787E+03 0.3524720001221E+02
AN  6           0.20000000E+00
 0.1376171200000E+08 0.2041161956787E+03 0.3524720001221E+02
AN  7           0.20000000E+00
 0.1376171200000E+08 0.2041161956787E+03 0.3524720001221E+02
AN  8           0.20000000E+00
 0.1376171200000E+08 0.2041161956787E+03 0.3524720001221E+02
AN  9           0.20000000E+00
 0.1376171200000E+08 0.2041161956787E+03 0.3524720001221E+02
AN 10           0.20000000E+00
 0.1376171200000E+08 0.2041161956787E+03 0.3524720001221E+02
AN 11           0.20000000E+00
 0.1376171200000E+08 0.2041161956787E+03 0.3524720001221E+02
AN 12           0.20000000E+00
 0.1376171200000E+08 0.2041161956787E+03 0.3524720001221E+02
AN 13           0.20000000E+00
 0.1376171200000E+08 0.2041161956787E+03 0.3524720001221E+02
AN 14           0.20000000E+00
 0.1376171200000E+08 0.2041161956787E+03 0.3524720001221E+02
AN 15           0.20000000E+00
 0.1376171200000E+08 0.2041161956787E+03 0.3524720001221E+02
AN 16           0.20000000E+00
 0.1376171200000E+08 0.2041161956787E+03 0.3524720001221E+02
AN 17           0.20000000E+00
 0.1376171200000E+08 0.2041161956787E+03 0.3524720001221E+02
AN 18           0.20000000E+00
 0.1376171200000E+08 0.2041161956787E+03 0.3524720001221E+02
AN 19           0.20000000E+00
 0.1376171200000E+08 0.2041161956787E+03 0.3524720001221E+02
AN 20           0.20000000E+00
 0.1376171200000E+08 0.2041161956787E+03 0.3524720001221E+02
AN 21           0.20000000E+00
 0.1376171200000E+08 0.2041161956787E+03 0.3524720001221E+02
AN 22           0.20000000E+00
 0.1376171200000E+08 0.2041161956787E+03 0.3524720001221E+02
AN 23           0.20000000E+00
 0.1376171200000E+08 0.2041161956787E+03 0.3524720001221E+02
AN 24           0.20000000E+00
 0.1376171200000E+08 0.2041161956787E+03 0.3524720001221E+02
AN 25           0.20000000E+00
 0.1376171200000E+08 0.2041161956787E+03 0.3524720001221E+02
AO  1           0.20000000E+00
 0.1443792300000E+08 0.2131765899658E+03 0.3525814056396E+02
AO  2           0.20000000E+00
 0.1443792300000E+08 0.2131765899658E+03 0.3525814056396E+02
AO  3           0.20000000E+00
 0.1443792300000E+08 0.2131765899658E+03 0.3525814056396E+02
AO  4           0.20000000E+00
 0.1443792300000E+08 0.2131765899658E+03 0.3525814056396E+02
AO  5           0.20000000E+00
 0.1443792300000E+08 0.2131765899658E+03 0.3525814056396E+02
AO  6           0.20000000E+00
 0.1443792300000E+08 0.2131765899658E+03 0.3525814056396E+02
AO  7           0.20000000E+00
 0.1443792300000E+08 0.2131765899658E+03 0.3525814056396E+02
AO  8           0.20000000E+00
 0.1443792300000E+08 0.2131765899658E+03 0.3525814056396E+02
AO  9           0.20000000E+00
 0.1443792300000E+08 0.2131765899658E+03 0.3525814056396E+02
AO 10           0.20000000E+00
 0.1443792300000E+08 0.2131765899658E+03 0.3525814056396E+02
AO 11           0.20000000E+00
 0.1443792300000E+08 0.2131765899658E+03 0.3525814056396E+02
AO 12           0.20000000E+00
 0.1443792300000E+08 0.2131765899658E+03 0.3525814056396E+02
AO 13           0.20000000E+00
 0.1443792300000E+08 0.2131765899658E+03 0.3525814056396E+02
AO 14           0.20000000E+00
 0.1443792300000E+08 0.2131765899658E+03 0.3525814056396E+02
AO 15           0.20000000E+00
 0.1443792300000E+08 0.2131765899658E+03 0.3525814056396E+02
AO 16           0.20000000E+00
 0.1443792300000E+08 0.2131765899658E+03 0.3525814056396E+02
AO 17           0.20000000E+00
 0.1443792300000E+08 0.2131765899658E+03 0.3525814056396E+02
AO 18           0.20000000E+00
 0.1443792300000E+08 0.2131765899658E+03 0.3525814056396E+02
AO 19           0.20000000E+00
 0.1443792300000E+08 0.2131765899658E+03 0.3525814056396E+02
AO 20           0.20000000E+00
 0.1443792300000E+08 0.2131765899658E+03 0.3525814437866E+02
AO 21           0.20000000E+00
 0.1443792300000E+08 0.2131765899658E+03 0.3525814437866E+02
AO 22           0.20000000E+00
 0.1443792300000E+08 0.2131765899658E+03 0.3525814056396E+02
AO 23           0.20000000E+00
 0.1443792300000E+08 0.2131765899658E+03 0.3525814437866E+02
AO 24           0.20000000E+00
 0.1443792300000E+08 0.2131765899658E+03 0.3525814437866E+02
AO 25           0.20000000E+00
 0.1443792300000E+08 0.2131765899658E+03 0.3525814437866E+02
AP  1           0.20000000E+00
 0.1511413400000E+08 0.2222369842529E+03 0.3526842117310E+02
AP  2           0.20000000E+00
 0.1511413400000E+08 0.2222369842529E+03 0.3526842117310E+02
AP  3           0.20000000E+00
 0.1511413400000E+08 0.2222369842529E+03 0.3526842117310E+02
AP  4           0.20000000E+00
 0.1511413400000E+08 0.2222369842529E+03 0.3526842117310E+02
AP  5           0.20000000E+00
 0.1511413400000E+08 0.2222369842529E+03 0.3526842117310E+02
AP  6           0.20000000E+00
 0.1511413400000E+08 0.2222369842529E+03 0.3526842117310E+02
AP  7           0.20000000E+00
 0.1511413400000E+08 0.2222369842529E+03 0.3526842117310E+02
AP  8           0.20000000E+00
 0.1511413400000E+08 0.2222369842529E+03 0.3526842117310E+02
AP  9           0.20000000E+00
 0.1511413400000E+08 0.2222369842529E+03 0.3526842117310E+02
AP 10           0.20000000E+00
 0.1511413400000E+08 0.2222369842529E+03 0.3526842117310E+02
AP 11           0.20000000E+00
 0.1511413400000E+08 0.2222369842529E+03 0.3526842117310E+02
AP 12           0.20000000E+00
 0.1511413400000E+08 0.2222369842529E+03 0.3526842117310E+02
AP 13           0.20000000E+00
 0.1511413400000E+08 0.2222369842529E+03 0.3526842117310E+02
AP 14           0.20000000E+00
 0.1511413400000E+08 0.2222369842529E+03 0.3526842117310E+02
AP 15           0.20000000E+00
 0.1511413400000E+08 0.2222369842529E+03 0.3526842117310E+02
AP 16           0.20000000E+00
 0.1511413400000E+08 0.2222369842529E+03 0.3526842117310E+02
AP 17           0.20000000E+00
 0.1511413400000E+08 0.2222369842529E+03 0.3526842117310E+02
AP 18           0.20000000E+00
 0.1511413400000E+08 0.2222369842529E+03 0.3526842117310E+02
AP 19           0.20000000E+00
 0.1511413400000E+08 0.2222369842529E+03 0.3526842117310E+02
AP 20           0.20000000E+00
 0.1511413400000E+08 0.2222369842529E+03 0.3526842498779E+02
AP 21           0.20000000E+00
 0.1511413400000E+08 0.2222369842529E+03 0.3526842498779E+02
AP 22           0.20000000E+00
 0.1511413400000E+08 0.2222369842529E+03 0.3526842117310E+02
AP 23           0.20000000E+00
 0.1511413400000E+08 0.2222369842529E+03 0.3526842498779E+02
AP 24           0.20000000E+00
 0.1511413400000E+08 0.2222369842529E+03 0.3526842498779E+02
AP 25           0.20000000E+00
 0.1511413400000E+08 0.2222369842529E+03 0.3526842498779E+02
AQ  1           0.20000000E+00
 0.1579034500000E+08 0.2312973785400E+03 0.3527789306641E+02
AQ  2           0.20000000E+00
 0.1579034500000E+08 0.2312973785400E+03 0.3527789306641E+02
AQ  3           0.20000000E+00
 0.1579034500000E+08 0.2312973785400E+03 0.3527789306641E+02
AQ  4           0.20000000E+00
 0.1579034500000E+08 0.2312973785400E+03 0.3527789306641E+02
AQ  5           0.20000000E+00
 0.1579034500000E+08 0.2312973785400E+03 0.3527789306641E+02
AQ  6           0.20000000E+00
 0.1579034500000E+08 0.2312973785400E+03 0.3527789306641E+02
AQ  7           0.20000000E+00
 0.1579034500000E+08 0.2312973785400E+03 0.3527789306641E+02
AQ  8           0.20000000E+00
 0.1579034500000E+08 0.2312973785400E+03 0.3527789306641E+02
AQ  9           0.20000000E+00
 0.1579034500000E+08 0.2312973785400E+03 0.3527789306641E+02
AQ 10           0.20000000E+00
 0.1579034500000E+08 0.2312973785400E+03 0.3527789306641E+02
AQ 11           0.20000000E+00
 0.1579034500000E+08 0.2312973785400E+03 0.3527789306641E+02
AQ 12           0.20000000E+00
 0.1579034500000E+08 0.2312973785400E+03 0.3527789306641E+02
AQ 13           0.20000000E+00
 0.1579034500000E+08 0.2312973785400E+03 0.3527789306641E+02
AQ 14           0.20000000E+00
 0.1579034500000E+08 0.2312973785400E+03 0.3527789306641E+02
AQ 15           0.20000000E+00
 0.1579034500000E+08 0.2312973785400E+03 0.3527789306641E+02
AQ 16           0.20000000E+00
 0.1579034500000E+08 0.2312973785400E+03 0.3527789306641E+02
AQ 17           0.20000000E+00
 0.1579034500000E+08 0.2312973785400E+03 0.3527789306641E+02
AQ 18           0.20000000E+00
 0.1579034500000E+08 0.2312973785400E+03 0.3527789306641E+02
AQ 19           0.20000000E+00
 0.1579034500000E+08 0.2312973785400E+03 0.3527789306641E+02
AQ 20           0.20000000E+00
 0.1579034500000E+08 0.2312973785400E+03 0.3527789306641E+02
AQ 21           0.20000000E+00
 0.1579034500000E+08 0.2312973785400E+03 0.3527789688110E+02
AQ 22           0.20000000E+00
 0.1579034500000E+08 0.2312973785400E+03 0.3527789306641E+02
AQ 23           0.20000000E+00
 0.1579034500000E+08 0.2312973785400E+03 0.3527789306641E+02
AQ 24           0.20000000E+00
 0.1579034500000E+08 0.2312973785400E+03 0.3527789688110E+02
AQ 25           0.20000000E+00
 0.1579034500000E+08 0.2312973785400E+03 0.3527789688110E+02
AR  1           0.20000000E+00
 0.1646655600000E+08 0.2403577575684E+03 0.3528639984131E+02
AR  2           0.20000000E+00
 0.1646655600000E+08 0.2403577575684E+03 0.3528639984131E+02
AR  3           0.20000000E+00
 0.1646655600000E+08 0.2403577575684E+03 0.3528639984131E+02
AR  4           0.20000000E+00
 0.1646655600000E+08 0.2403577575684E+03 0.3528639984131E+02
AR  5           0.20000000E+00
 0.1646655600000E+08 0.2403577575684E+03 0.3528639984131E+02
AR  6           0.20000000E+00
 0.1646655600000E+08 0.2403577575684E+03 0.3528639984131E+02
AR  7           0.20000000E+00
 0.1646655600000E+08 0.2403577575684E+03 0.3528639984131E+02
AR  8           0.20000000E+00
 0.1646655600000E+08 0.2403577575684E+03 0.3528639984131E+02
AR  9           0.20000000E+00
 0.1646655600000E+08 0.2403577575684E+03 0.3528639984131E+02
AR 10           0.20000000E+00
 0.1646655600000E+08 0.2403577575684E+03 0.3528639984131E+02
AR 11           0.20000000E+00
 0.1646655600000E+08 0.2403577575684E+03 0.3528639984131E+02
AR 12           0.20000000E+00
 0.1646655600000E+08 0.2403577575684E+03 0.3528639984131E+02
AR 13           0.20000000E+00
 0.1646655600000E+08 0.2403577575684E+03 0.3528639984131E+02
AR 14           0.20000000E+00
 0.1646655600000E+08 0.2403577575684E+03 0.3528639984131E+02
AR 15           0.20000000E+00
 0.1646655600000E+08 0.2403577575684E+03 0.3528639602661E+02
AR 16           0.20000000E+00
 0.1646655600000E+08 0.2403577575684E+03 0.3528639602661E+02
AR 17           0.20000000E+00
 0.1646655600000E+08 0.2403577575684E+03 0.3528639984131E+02
AR 18           0.20000000E+00
 0.1646655600000E+08 0.2403577575684E+03 0.3528639984131E+02
AR 19           0.20000000E+00
 0.1646655600000E+08 0.2403577575684E+03 0.3528639984131E+02
AR 20           0.20000000E+00
 0.1646655600000E+08 0.2403577575684E+03 0.3528639984131E+02
AR 21           0.20000000E+00
 0.1646655600000E+08 0.2403577575684E+03 0.3528640365601E+02
AR 22           0.20000000E+00
 0.1646655600000E+08 0.2403577575684E+03 0.3528639984131E+02
AR 23           0.20000000E+00
 0.1646655600000E+08 0.2403577575684E+03 0.3528639984131E+02
AR 24           0.20000000E+00
 0.1646655600000E+08 0.2403577575684E+03 0.3528639984131E+02
AR 25           0.20000000E+00
 0.1646655600000E+08 0.2403577575684E+03 0.3528640365601E+02
AS  1           0.20000000E+00
 0.1714276800000E+08 0.2494181518555E+03 0.3529378509521E+02
AS  2           0.20000000E+00
 0.1714276800000E+08 0.2494181518555E+03 0.3529378509521E+02
AS  3           0.20000000E+00
 0.1714276800000E+08 0.2494181518555E+03 0.3529378509521E+02
AS  4           0.20000000E+00
 0.1714276800000E+08 0.2494181518555E+03 0.3529378509521E+02
AS  5           0.20000000E+00
 0.1714276800000E+08 0.2494181518555E+03 0.3529378509521E+02
AS  6           0.20000000E+00
 0.1714276800000E+08 0.2494181518555E+03 0.3529378509521E+02
AS  7           0.20000000E+00
 0.1714276800000E+08 0.2494181518555E+03 0.3529378509521E+02
AS  8           0.20000000E+00
 0.1714276800000E+08 0.2494181518555E+03 0.3529378509521E+02
AS  9           0.20000000E+00
 0.1714276800000E+08 0.2494181518555E+03 0.3529378509521E+02
AS 10           0.20000000E+00
 0.1714276800000E+08 0.2494181518555E+03 0.3529378509521E+02
AS 11           0.20000000E+00
 0.1714276800000E+08 0.2494181518555E+03 0.3529378509521E+02
AS 12           0.20000000E+00
 0.1714276800000E+08 0.2494181518555E+03 0.3529378509521E+02
AS 13           0.20000000E+00
 0.1714276800000E+08 0.2494181518555E+03 0.3529378509521E+02
AS 14           0.20000000E+00
 0.1714276800000E+08 0.2494181518555E+03 0.3529378509521E+02
AS 15           0.20000000E+00
 0.1714276800000E+08 0.2494181518555E+03 0.3529378128052E+02
AS 16           0.20000000E+00
 0.1714276800000E+08 0.2494181518555E+03 0.3529378128052E+02
AS 17           0.20000000E+00
 0.1714276800000E+08 0.2494181518555E+03 0.3529378509521E+02
AS 18           0.20000000E+00
 0.1714276800000E+08 0.2494181518555E+03 0.3529378509521E+02
AS 19           0.20000000E+00
 0.1714276800000E+08 0.2494181518555E+03 0.3529378509521E+02
AS 20           0.20000000E+00
 0.1714276800000E+08 0.2494181518555E+03 0.3529378509521E+02
AS 21           0.20000000E+00
 0.1714276800000E+08 0.2494181518555E+03 0.3529378890991E+02
AS 22           0.20000000E+00
 0.1714276800000E+08 0.2494181518555E+03 0.3529378509521E+02
AS 23           0.20000000E+00
 0.1714276800000E+08 0.2494181518555E+03 0.3529378509521E+02
AS 24           0.20000000E+00
 0.1714276800000E+08 0.2494181518555E+03 0.3529378509521E+02
AS 25           0.20000000E+00
 0.1714276800000E+08 0.2494181518555E+03 0.3529378890991E+02
AT  1           0.20000000E+00
 0.1781897800000E+08 0.2584785461426E+03 0.3529990005493E+02
AT  2           0.20000000E+00
 0.1781897800000E+08 0.2584785461426E+03 0.3529990005493E+02
AT  3           0.20000000E+00
 0.1781897800000E+08 0.2584785461426E+03 0.3529990005493E+02
AT  4           0.20000000E+00
 0.1781897800000E+08 0.2584785461426E+03 0.3529990005493E+02
AT  5           0.20000000E+00
 0.1781897800000E+08 0.2584785461426E+03 0.3529990005493E+02
AT  6           0.20000000E+00
 0.1781897800000E+08 0.2584785461426E+03 0.3529990005493E+02
AT  7           0.20000000E+00
 0.1781897800000E+08 0.2584785461426E+03 0.3529990005493E+02
AT  8           0.20000000E+00
 0.1781897800000E+08 0.2584785461426E+03 0.3529990005493E+02
AT  9           0.20000000E+00
 0.1781897800000E+08 0.2584785461426E+03 0.3529990005493E+02
AT 10           0.20000000E+00
 0.1781897800000E+08 0.2584785461426E+03 0.3529990005493E+02
AT 11           0.20000000E+00
 0.1781897800000E+08 0.2584785461426E+03 0.3529990005493E+02
AT 12           0.20000000E+00
 0.1781897800000E+08 0.2584785461426E+03 0.3529990005493E+02
AT 13           0.20000000E+00
 0.1781897800000E+08 0.2584785461426E+03 0.3529990005493E+02
AT 14           0.20000000E+00
 0.1781897800000E+08 0.2584785461426E+03 0.3529990005493E+02
AT 15           0.20000000E+00
 0.1781897800000E+08 0.2584785461426E+03 0.3529990005493E+02
AT 16           0.20000000E+00
 0.1781897800000E+08 0.2584785461426E+03 0.3529990005493E+02
AT 17           0.20000000E+00
 0.1781897800000E+08 0.2584785461426E+03 0.3529990005493E+02
AT 18           0.20000000E+00
 0.1781897800000E+08 0.2584785461426E+03 0.3529990005493E+02
AT 19           0.20000000E+00
 0.1781897800000E+08 0.2584785461426E+03 0.3529990005493E+02
AT 20           0.20000000E+00
 0.1781897800000E+08 0.2584785461426E+03 0.3529990386963E+02
AT 21           0.20000000E+00
 0.1781897800000E+08 0.2584785461426E+03 0.3529990386963E+02
AT 22           0.20000000E+00
 0.1781897800000E+08 0.2584785461426E+03 0.3529990005493E+02
AT 23           0.20000000E+00
 0.1781897800000E+08 0.2584785461426E+03 0.3529990386963E+02
AT 24           0.20000000E+00
 0.1781897800000E+08 0.2584785461426E+03 0.3529990386963E+02
AT 25           0.20000000E+00
 0.1781897800000E+08 0.2584785461426E+03 0.3529990768433E+02
AU  1           0.20000000E+00
 0.1849519000000E+08 0.2675389404297E+03 0.3530461502075E+02
AU  2           0.20000000E+00
 0.1849519000000E+08 0.2675389404297E+03 0.3530461502075E+02
AU  3           0.20000000E+00
 0.1849519000000E+08 0.2675389404297E+03 0.3530461502075E+02
AU  4           0.20000000E+00
 0.1849519000000E+08 0.2675389404297E+03 0.3530461502075E+02
AU  5           0.20000000E+00
 0.1849519000000E+08 0.2675389404297E+03 0.3530461502075E+02
AU  6           0.20000000E+00
 0.1849519000000E+08 0.2675389404297E+03 0.3530461502075E+02
AU  7           0.20000000E+00
 0.1849519000000E+08 0.2675389404297E+03 0.3530461502075E+02
AU  8           0.20000000E+00
 0.1849519000000E+08 0.2675389404297E+03 0.3530461502075E+02
AU  9           0.20000000E+00
 0.1849519000000E+08 0.2675389404297E+03 0.3530461502075E+02
AU 10           0.20000000E+00
 0.1849519000000E+08 0.2675389404297E+03 0.3530461502075E+02
AU 11           0.20000000E+00
 0.1849519000000E+08 0.2675389404297E+03 0.3530461502075E+02
AU 12           0.20000000E+00
 0.1849519000000E+08 0.2675389404297E+03 0.3530461502075E+02
AU 13           0.20000000E+00
 0.1849519000000E+08 0.2675389404297E+03 0.3530461502075E+02
AU 14           0.20000000E+00
 0.1849519000000E+08 0.2675389404297E+03 0.3530461502075E+02
AU 15           0.20000000E+00
 0.1849519000000E+08 0.2675389404297E+03 0.3530461502075E+02
AU 16           0.20000000E+00
 0.1849519000000E+08 0.2675389404297E+03 0.3530461120605E+02
AU 17           0.20000000E+00
 0.1849519000000E+08 0.2675389404297E+03 0.3530461502075E+02
AU 18           0.20000000E+00
 0.1849519000000E+08 0.2675389404297E+03 0.3530461502075E+02
AU 19           0.20000000E+00
 0.1849519000000E+08 0.2675389404297E+03 0.3530461502075E+02
AU 20           0.20000000E+00
 0.1849519000000E+08 0.2675389404297E+03 0.3530461502075E+02
AU 21           0.20000000E+00
 0.1849519000000E+08 0.2675389404297E+03 0.3530461883545E+02
AU 22           0.20000000E+00
 0.1849519000000E+08 0.2675389404297E+03 0.3530461502075E+02
AU 23           0.20000000E+00
 0.1849519000000E+08 0.2675389404297E+03 0.3530461883545E+02
AU 24           0.20000000E+00
 0.1849519000000E+08 0.2675389404297E+03 0.3530461883545E+02
AU 25           0.20000000E+00
 0.1849519000000E+08 0.2675389404297E+03 0.3530462265015E+02
AV  1           0.20000000E+00
 0.1894599600000E+08 0.2735791931152E+03 0.3530701828003E+02
AV  2           0.20000000E+00
 0.1894599600000E+08 0.2735791931152E+03 0.3530701828003E+02
AV  3           0.20000000E+00
 0.1894599600000E+08 0.2735791931152E+03 0.3530701828003E+02
AV  4           0.20000000E+00
 0.1894599600000E+08 0.2735791931152E+03 0.3530701828003E+02
AV  5           0.20000000E+00
 0.1894599600000E+08 0.2735791931152E+03 0.3530701828003E+02
AV  6           0.20000000E+00
 0.1894599600000E+08 0.2735791931152E+03 0.3530701828003E+02
AV  7           0.20000000E+00
 0.1894599600000E+08 0.2735791931152E+03 0.3530701828003E+02
AV  8           0.20000000E+00
 0.1894599600000E+08 0.2735791931152E+03 0.3530701828003E+02
AV  9           0.20000000E+00
 0.1894599600000E+08 0.2735791931152E+03 0.3530701828003E+02
AV 10           0.20000000E+00
 0.1894599600000E+08 0.2735791931152E+03 0.3530701828003E+02
AV 11           0.20000000E+00
 0.1894599600000E+08 0.2735791931152E+03 0.3530701828003E+02
AV 12           0.20000000E+00
 0.1894599600000E+08 0.2735791931152E+03 0.3530701828003E+02
AV 13           0.20000000E+00
 0.1894599600000E+08 0.2735791931152E+03 0.3530701828003E+02
AV 14           0.20000000E+00
 0.1894599600000E+08 0.2735791931152E+03 0.3530701828003E+02
AV 15           0.20000000E+00
 0.1894599600000E+08 0.2735791931152E+03 0.3530701446533E+02
AV 16           0.20000000E+00
 0.1894599600000E+08 0.2735791931152E+03 0.3530701446533E+02
AV 17           0.20000000E+00
 0.1894599600000E+08 0.2735791931152E+03 0.3530701828003E+02
AV 18           0.20000000E+00
 0.1894599600000E+08 0.2735791931152E+03 0.3530701828003E+02
AV 19           0.20000000E+00
 0.1894599600000E+08 0.2735791931152E+03 0.3530701828003E+02
AV 20           0.20000000E+00
 0.1894599600000E+08 0.2735791931152E+03 0.3530701828003E+02
AV 21           0.20000000E+00
 0.1894599600000E+08 0.2735791931152E+03 0.3530702209473E+02
AV 22           0.20000000E+00
 0.1894599600000E+08 0.2735791931152E+03 0.3530701828003E+02
AV 23           0.20000000E+00
 0.1894599600000E+08 0.2735791931152E+03 0.3530702209473E+02
AV 24           0.20000000E+00
 0.1894599600000E+08 0.2735791931152E+03 0.3530702209473E+02
AV 25           0.20000000E+00
 0.1894599600000E+08 0.2735791931152E+03 0.3530702590942E+02
AW  1           0.20000000E+00
 0.1918120000000E+08 0.2767306213379E+03 0.3530823135376E+02
AW  2           0.20000000E+00
 0.1918120000000E+08 0.2767306213379E+03 0.3530823135376E+02
AW  3           0.20000000E+00
 0.1918120000000E+08 0.2767306213379E+03 0.3530822753906E+02
AW  4           0.20000000E+00
 0.1918120000000E+08 0.2767306213379E+03 0.3530822753906E+02
AW  5           0.20000000E+00
 0.1918120000000E+08 0.2767306213379E+03 0.3530822753906E+02
AW  6           0.20000000E+00
 0.1918120000000E+08 0.2767306213379E+03 0.3530822753906E+02
AW  7           0.20000000E+00
 0.1918120000000E+08 0.2767306213379E+03 0.3530822753906E+02
AW  8           0.20000000E+00
 0.1918120000000E+08 0.2767306213379E+03 0.3530822753906E+02
AW  9           0.20000000E+00
 0.1918120000000E+08 0.2767306213379E+03 0.3530822753906E+02
AW 10           0.20000000E+00
 0.1918120000000E+08 0.2767306213379E+03 0.3530822753906E+02
AW 11           0.20000000E+00
 0.1918120000000E+08 0.2767306213379E+03 0.3530822753906E+02
AW 12           0.20000000E+00
 0.1918120000000E+08 0.2767306213379E+03 0.3530822753906E+02
AW 13           0.20000000E+00
 0.1918120000000E+08 0.2767306213379E+03 0.3530822753906E+02
AW 14           0.20000000E+00
 0.1918120000000E+08 0.2767306213379E+03 0.3530822753906E+02
AW 15           0.20000000E+00
 0.1918120000000E+08 0.2767306213379E+03 0.3530822753906E+02
AW 16           0.20000000E+00
 0.1918120000000E+08 0.2767306213379E+03 0.3530822753906E+02
AW 17           0.20000000E+00
 0.1918120000000E+08 0.2767306213379E+03 0.3530822753906E+02
AW 18           0.20000000E+00
 0.1918120000000E+08 0.2767306213379E+03 0.3530822753906E+02
AW 19           0.20000000E+00
 0.1918120000000E+08 0.2767306213379E+03 0.3530822753906E+02
AW 20           0.20000000E+00
 0.1918120000000E+08 0.2767306213379E+03 0.3530823135376E+02
AW 21           0.20000000E+00
 0.1918120000000E+08 0.2767306213379E+03 0.3530823135376E+02
AW 22           0.20000000E+00
 0.1918120000000E+08 0.2767306213379E+03 0.3530822753906E+02
AW 23           0.20000000E+00
 0.1918120000000E+08 0.2767306213379E+03 0.3530823135376E+02
AW 24           0.20000000E+00
 0.1918120000000E+08 0.2767306213379E+03 0.3530823135376E+02
AW 25           0.20000000E+00
 0.1918120000000E+08 0.2767306213379E+03 0.3530823516846E+02
AX  1           0.20000000E+00
 0.1941640400000E+08 0.2798820800781E+03 0.3530904006958E+02
AX  2           0.20000000E+00
 0.1941640400000E+08 0.2798820800781E+03 0.3530904006958E+02
AX  3           0.20000000E+00
 0.1941640400000E+08 0.2798820800781E+03 0.3530904006958E+02
AX  4           0.20000000E+00
 0.1941640400000E+08 0.2798820800781E+03 0.3530904006958E+02
AX  5           0.20000000E+00
 0.1941640400000E+08 0.2798820800781E+03 0.3530904006958E+02
AX  6           0.20000000E+00
 0.1941640400000E+08 0.2798820800781E+03 0.3530904006958E+02
AX  7           0.20000000E+00
 0.1941640400000E+08 0.2798820800781E+03 0.3530904006958E+02
AX  8           0.20000000E+00
 0.1941640400000E+08 0.2798820800781E+03 0.3530904006958E+02
AX  9           0.20000000E+00
 0.1941640400000E+08 0.2798820800781E+03 0.3530904006958E+02
AX 10           0.20000000E+00
 0.1941640400000E+08 0.2798820800781E+03 0.3530904006958E+02
AX 11           0.20000000E+00
 0.1941640400000E+08 0.2798820800781E+03 0.3530904006958E+02
AX 12           0.20000000E+00
 0.1941640400000E+08 0.2798820800781E+03 0.3530904006958E+02
AX 13           0.20000000E+00
 0.1941640400000E+08 0.2798820800781E+03 0.3530904006958E+02
AX 14           0.20000000E+00
 0.1941640400000E+08 0.2798820800781E+03 0.3530903625488E+02
AX 15           0.20000000E+00
 0.1941640400000E+08 0.2798820800781E+03 0.3530903625488E+02
AX 16           0.20000000E+00
 0.1941640400000E+08 0.2798820800781E+03 0.3530903625488E+02
AX 17           0.20000000E+00
 0.1941640400000E+08 0.2798820800781E+03 0.3530903625488E+02
AX 18           0.20000000E+00
 0.1941640400000E+08 0.2798820800781E+03 0.3530903625488E+02
AX 19           0.20000000E+00
 0.1941640400000E+08 0.2798820800781E+03 0.3530904006958E+02
AX 20           0.20000000E+00
 0.1941640400000E+08 0.2798820800781E+03 0.3530904006958E+02
AX 21           0.20000000E+00
 0.1941640400000E+08 0.2798820800781E+03 0.3530904388428E+02
AX 22           0.20000000E+00
 0.1941640400000E+08 0.2798820800781E+03 0.3530904006958E+02
AX 23           0.20000000E+00
 0.1941640400000E+08 0.2798820800781E+03 0.3530904006958E+02
AX 24           0.20000000E+00
 0.1941640400000E+08 0.2798820800781E+03 0.3530904388428E+02
AX 25           0.20000000E+00
 0.1941640400000E+08 0.2798820800781E+03 0.3530904769897E+02
AY  1           0.20000000E+00
 0.1965160800000E+08 0.2830335083008E+03 0.3530944824219E+02
AY  2           0.20000000E+00
 0.1965160800000E+08 0.2830335083008E+03 0.3530944824219E+02
AY  3           0.20000000E+00
 0.1965160800000E+08 0.2830335083008E+03 0.3530944824219E+02
AY  4           0.20000000E+00
 0.1965160800000E+08 0.2830335083008E+03 0.3530944824219E+02
AY  5           0.20000000E+00
 0.1965160800000E+08 0.2830335083008E+03 0.3530944824219E+02
AY  6           0.20000000E+00
 0.1965160800000E+08 0.2830335083008E+03 0.3530944824219E+02
AY  7           0.20000000E+00
 0.1965160800000E+08 0.2830335083008E+03 0.3530944824219E+02
AY  8           0.20000000E+00
 0.1965160800000E+08 0.2830335083008E+03 0.3530944442749E+02
AY  9           0.20000000E+00
 0.1965160800000E+08 0.2830335083008E+03 0.3530944442749E+02
AY 10           0.20000000E+00
 0.1965160800000E+08 0.2830335083008E+03 0.3530944442749E+02
AY 11           0.20000000E+00
 0.1965160800000E+08 0.2830335083008E+03 0.3530944442749E+02
AY 12           0.20000000E+00
 0.1965160800000E+08 0.2830335083008E+03 0.3530944442749E+02
AY 13           0.20000000E+00
 0.1965160800000E+08 0.2830335083008E+03 0.3530944442749E+02
AY 14           0.20000000E+00
 0.1965160800000E+08 0.2830335083008E+03 0.3530944442749E+02
AY 15           0.20000000E+00
 0.1965160800000E+08 0.2830335083008E+03 0.3530944442749E+02
AY 16           0.20000000E+00
 0.1965160800000E+08 0.2830335083008E+03 0.3530944442749E+02
AY 17           0.20000000E+00
 0.1965160800000E+08 0.2830335083008E+03 0.3530944442749E+02
AY 18           0.20000000E+00
 0.1965160800000E+08 0.2830335083008E+03 0.3530944442749E+02
AY 19           0.20000000E+00
 0.1965160800000E+08 0.2830335083008E+03 0.3530944442749E+02
AY 20           0.20000000E+00
 0.1965160800000E+08 0.2830335083008E+03 0.3530944824219E+02
AY 21           0.20000000E+00
 0.1965160800000E+08 0.2830335083008E+03 0.3530945205688E+02
AY 22           0.20000000E+00
 0.1965160800000E+08 0.2830335083008E+03 0.3530944442749E+02
AY 23           0.20000000E+00
 0.1965160800000E+08 0.2830335083008E+03 0.3530944824219E+02
AY 24           0.20000000E+00
 0.1965160800000E+08 0.2830335083008E+03 0.3530944824219E+02
AY 25           0.20000000E+00
 0.1965160800000E+08 0.2830335083008E+03 0.3530945205688E+02
A1  1           0.20000000E+00
 0.1003376718750E+06 0.2107071685791E+02 0.3500000000000E+02
A1  2           0.20000000E+00
 0.1003376718750E+06 0.2107071685791E+02 0.3500000000000E+02
A1  3           0.20000000E+00
 0.1003376718750E+06 0.2107071685791E+02 0.3500000000000E+02
A1  4           0.20000000E+00
 0.1003376718750E+06 0.2107071685791E+02 0.3500000000000E+02
A1  5           0.20000000E+00
 0.1003376718750E+06 0.2107071685791E+02 0.3500000000000E+02
A1  6           0.20000000E+00
 0.1003376718750E+06 0.2107071685791E+02 0.3500000000000E+02
A1  7           0.20000000E+00
 0.1003376718750E+06 0.2107071685791E+02 0.3500000000000E+02
A1  8           0.20000000E+00
 0.1003376718750E+06 0.2107071685791E+02 0.3500000000000E+02
A1  9           0.20000000E+00
 0.1003376718750E+06 0.2107071685791E+02 0.3500000000000E+02
A1 10           0.20000000E+00
 0.1003376718750E+06 0.2107071685791E+02 0.3500000000000E+02
A1 11           0.20000000E+00
 0.1003376718750E+06 0.2107071685791E+02 0.3500000000000E+02
A1 12           0.20000000E+00
 0.1003376718750E+06 0.2107071685791E+02 0.3500000000000E+02
A1 13           0.20000000E+00
 0.1003376718750E+06 0.2107071685791E+02 0.3500000000000E+02
A1 14           0.20000000E+00
 0.1003376718750E+06 0.2107071685791E+02 0.3500000000000E+02
A1 15           0.20000000E+00
 0.1003376718750E+06 0.2107071685791E+02 0.3500000000000E+02
A1 16           0.20000000E+00
 0.1003376718750E+06 0.2107071685791E+02 0.3500000000000E+02
A1 17           0.20000000E+00
 0.1003376718750E+06 0.2107071685791E+02 0.3500000000000E+02
A1 18           0.20000000E+00
 0.1003376718750E+06 0.2107071685791E+02 0.3500000000000E+02
A1 19           0.20000000E+00
 0.1003376718750E+06 0.2107071685791E+02 0.3500000000000E+02
A1 20           0.20000000E+00
 0.1003376718750E+06 0.2107071685791E+02 0.3500000000000E+02
A1 21           0.20000000E+00
 0.1003376718750E+06 0.2107071685791E+02 0.3500000000000E+02
A1 22           0.20000000E+00
 0.1003376718750E+06 0.2107071685791E+02 0.3500000000000E+02
A1 23           0.20000000E+00
 0.1003376718750E+06 0.2107071685791E+02 0.3500000000000E+02
A1 24           0.20000000E+00
 0.1003376718750E+06 0.2107071685791E+02 0.3500000000000E+02
A1 25           0.20000000E+00
 0.1003376718750E+06 0.2107071685791E+02 0.3500000000000E+02

