INCON
A2  1           0.20000000E+00
 0.6025080612923E+06 0.5087842420279E+00 0.1251266772471E+06
A2  2           0.20000000E+00
 0.6021975795658E+06 0.5087460556528E+00 0.1250974042225E+06
A2  3           0.20000000E+00
 0.6015710229625E+06 0.5086688129637E+00 0.1250384671821E+06
A2  4           0.20000000E+00
 0.6006172342799E+06 0.5085508274830E+00 0.1249498034530E+06
A2  5           0.20000000E+00
 0.5993188618936E+06 0.5083894200096E+00 0.1248315296507E+06
A2  6           0.20000000E+00
 0.5976512985064E+06 0.5081808112565E+00 0.1246838718138E+06
A2  7           0.20000000E+00
 0.5955813032768E+06 0.5079197671179E+00 0.1245072404555E+06
A2  8           0.20000000E+00
 0.5930650096880E+06 0.5075992333700E+00 0.1243031799465E+06
A2  9           0.20000000E+00
 0.5900451810032E+06 0.5072096764722E+00 0.1240782689953E+06
A2 10           0.20000000E+00
 0.5864474366874E+06 0.5067369055406E+00 0.1238583759163E+06
A2 11           0.20000000E+00
 0.5817659030185E+06 0.5061154605735E+00 0.1237266896458E+06
A2 12           0.20000000E+00
 0.5749076043536E+06 0.5051976811778E+00 0.1239384889856E+06
A2 13           0.20000000E+00
 0.5643924663804E+06 0.5037765163753E+00 0.1251659307168E+06
A2 14           0.20000000E+00
 0.5469319663601E+06 0.5013202829716E+00 0.1284567054686E+06
A2 15           0.20000000E+00
 0.5138366750086E+06 0.4958799572875E+00 0.1333969802143E+06
A2 16           0.20000000E+00
 0.4453295922833E+06 0.4836000043947E+00 0.1368273111056E+06
A2 17           0.20000000E+00
 0.2930677478230E+06 0.4077064892110E+00 0.1631164094725E+06
A2 18           0.20000000E+00
 0.2475294341963E+06 0.2441157748252E+00 0.1971741837072E+06
A2 19           0.20000000E+00
 0.2404964585674E+06 0.1720118558962E+00 0.1928699549489E+06
A2 20           0.20000000E+00
 0.2377203657016E+06 0.1442894614450E+00 0.2051504752489E+06
A2 21           0.20000000E+00
 0.2258280505265E+06 0.1006399366286E+00 0.2179152822160E+06
A2 22           0.20000000E+00
 0.2148981418616E+06 0.2513567854515E+02 0.3422409749817E+04
A2 23           0.20000000E+00
 0.2131686253480E+06 0.2190904418189E+02 0.4043939337622E+02
A2 24           0.20000000E+00
 0.2132206834878E+06 0.2147332864396E+02 0.3542649223722E+02
A2 25           0.20000000E+00
 0.2132819839594E+06 0.2146100230780E+02 0.3541338930580E+02
A3  1           0.20000000E+00
 0.1097319066842E+07 0.6068262612471E+00 0.1762309883184E+06
A3  2           0.20000000E+00
 0.1096865917986E+07 0.6067334873384E+00 0.1761617722489E+06
A3  3           0.20000000E+00
 0.1095953405798E+07 0.6065446674073E+00 0.1760225262096E+06
A3  4           0.20000000E+00
 0.1094568473712E+07 0.6062539212769E+00 0.1758125505612E+06
A3  5           0.20000000E+00
 0.1092690691832E+07 0.6058520198767E+00 0.1755309939652E+06
A3  6           0.20000000E+00
 0.1090290844994E+07 0.6053262612843E+00 0.1751767027034E+06
A3  7           0.20000000E+00
 0.1087329693172E+07 0.6046591210473E+00 0.1747482135179E+06
A3  8           0.20000000E+00
 0.1083755629494E+07 0.6038273007636E+00 0.1742449160618E+06
A3  9           0.20000000E+00
 0.1079500895950E+07 0.6028002828914E+00 0.1736720214170E+06
A3 10           0.20000000E+00
 0.1074471862501E+07 0.6015361025624E+00 0.1730578748069E+06
A3 11           0.20000000E+00
 0.1067914266521E+07 0.5998945515519E+00 0.1724666713408E+06
A3 12           0.20000000E+00
 0.1058228913018E+07 0.5975340697222E+00 0.1721404454776E+06
A3 13           0.20000000E+00
 0.1043250061306E+07 0.5939867815288E+00 0.1728431020120E+06
A3 14           0.20000000E+00
 0.1018610416346E+07 0.5878278643411E+00 0.1756610268790E+06
A3 15           0.20000000E+00
 0.9733376597070E+06 0.5742639850292E+00 0.1787608105552E+06
A3 16           0.20000000E+00
 0.8556102291065E+06 0.5633564307006E+00 0.1676229732625E+06
A3 17           0.20000000E+00
 0.6183258693068E+06 0.4683228620046E+00 0.1359782672333E+06
A3 18           0.20000000E+00
 0.5215117672861E+06 0.2871029721474E+00 0.1364169320832E+06
A3 19           0.20000000E+00
 0.4989678208095E+06 0.2019569063556E+00 0.1341640380339E+06
A3 20           0.20000000E+00
 0.4884428238964E+06 0.1478560457417E+00 0.2565462330159E+06
A3 21           0.20000000E+00
 0.4671348300363E+06 0.9128043536055E-01 0.4321507207882E+06
A3 22           0.20000000E+00
 0.4439632595750E+06 0.3345891555042E+02 0.2011041013956E+05
A3 23           0.20000000E+00
 0.4388543236238E+06 0.2368754192883E+02 0.1223419360580E+03
A3 24           0.20000000E+00
 0.4389663257103E+06 0.2233379845763E+02 0.3634814814170E+02
A3 25           0.20000000E+00
 0.4391476717569E+06 0.2229533970915E+02 0.3630666456670E+02
A4  1           0.20000000E+00
 0.1608705479353E+07 0.1962939378862E+03 0.2606219234275E+06
A4  2           0.20000000E+00
 0.1607957554937E+07 0.1962725583018E+03 0.2604976312255E+06
A4  3           0.20000000E+00
 0.1606449749461E+07 0.1962292064159E+03 0.2602471030713E+06
A4  4           0.20000000E+00
 0.1604157640989E+07 0.1961626495141E+03 0.2598679228161E+06
A4  5           0.20000000E+00
 0.1601042586245E+07 0.1960709174607E+03 0.2593565794775E+06
A4  6           0.20000000E+00
 0.1597050594698E+07 0.1959511798582E+03 0.2587083588980E+06
A4  7           0.20000000E+00
 0.1592108455248E+07 0.1957994787039E+03 0.2579168456355E+06
A4  8           0.20000000E+00
 0.1586120580369E+07 0.1956103931747E+03 0.2569755200462E+06
A4  9           0.20000000E+00
 0.1578964569153E+07 0.1953765292138E+03 0.2558849790094E+06
A4 10           0.20000000E+00
 0.1570482581713E+07 0.1950876542347E+03 0.2546786129788E+06
A4 11           0.20000000E+00
 0.1559450597095E+07 0.1946928991096E+03 0.2534140164280E+06
A4 12           0.20000000E+00
 0.1543256426423E+07 0.1940718832416E+03 0.2523582139521E+06
A4 13           0.20000000E+00
 0.1518401225945E+07 0.1930152839058E+03 0.2524965826602E+06
A4 14           0.20000000E+00
 0.1477424498226E+07 0.1909632065579E+03 0.2549678183751E+06
A4 15           0.20000000E+00
 0.1401397958749E+07 0.9240401931915E+00 0.2554231122223E+06
A4 16           0.20000000E+00
 0.1226379722088E+07 0.9354307246509E+00 0.2352568693959E+06
A4 17           0.20000000E+00
 0.1103047418965E+07 0.4389033974531E+00 0.2164693996351E+06
A4 18           0.20000000E+00
 0.1015024947727E+07 0.2902735807136E+00 0.1417034340821E+06
A4 19           0.20000000E+00
 0.9796410227272E+06 0.2255195408489E+00 0.9833670939281E+05
A4 20           0.20000000E+00
 0.9478576441385E+06 0.1501881527787E+00 0.2771357928321E+06
A4 21           0.20000000E+00
 0.9182814056155E+06 0.8287503507779E-01 0.7701794702869E+06
A4 22           0.20000000E+00
 0.8869130020878E+06 0.4991297052659E+02 0.1450872926121E+06
A4 23           0.20000000E+00
 0.8764977597002E+06 0.2750662320952E+02 0.3570715629124E+04
A4 24           0.20000000E+00
 0.8766278215227E+06 0.2421987038092E+02 0.3841566409039E+02
A4 25           0.20000000E+00
 0.8770332570118E+06 0.2412677613037E+02 0.3831082658495E+02
A5  1           0.20000000E+00
 0.2199890626541E+07 0.2108134642072E+03 0.3626645624728E+06
A5  2           0.20000000E+00
 0.2198898765228E+07 0.2107934864382E+03 0.3624941725455E+06
A5  3           0.20000000E+00
 0.2196900184370E+07 0.2107529303615E+03 0.3621509810091E+06
A5  4           0.20000000E+00
 0.2193865102068E+07 0.2106905840990E+03 0.3616322739862E+06
A5  5           0.20000000E+00
 0.2189746516345E+07 0.2106045351937E+03 0.3609342303059E+06
A5  6           0.20000000E+00
 0.2184478710326E+07 0.2104920531874E+03 0.3600517972588E+06
A5  7           0.20000000E+00
 0.2177972228581E+07 0.2103493334841E+03 0.3589780685246E+06
A5  8           0.20000000E+00
 0.2170111217889E+07 0.2101712064928E+03 0.3577069736517E+06
A5  9           0.20000000E+00
 0.2160752745694E+07 0.2099507702549E+03 0.3562449519615E+06
A5 10           0.20000000E+00
 0.2149728796943E+07 0.2096789216733E+03 0.3546518569607E+06
A5 11           0.20000000E+00
 0.2135545924876E+07 0.2093097951472E+03 0.3530512426274E+06
A5 12           0.20000000E+00
 0.2115165836044E+07 0.2087391610876E+03 0.3519518233949E+06
A5 13           0.20000000E+00
 0.2085099046318E+07 0.2078077481591E+03 0.3530691234765E+06
A5 14           0.20000000E+00
 0.2038761140534E+07 0.2061661407169E+03 0.3588944431631E+06
A5 15           0.20000000E+00
 0.1962903503481E+07 0.2029932623502E+03 0.3681771590702E+06
A5 16           0.20000000E+00
 0.1834647715762E+07 0.5511888080041E+00 0.3677579580220E+06
A5 17           0.20000000E+00
 0.1747706632214E+07 0.3576354959680E+00 0.3528899116039E+06
A5 18           0.20000000E+00
 0.1684027323727E+07 0.2391010653576E+00 0.2544362230379E+06
A5 19           0.20000000E+00
 0.1641908651402E+07 0.1802782491114E+00 0.2553673588176E+06
A5 20           0.20000000E+00
 0.1599990406767E+07 0.1253958266358E+00 0.5773153843351E+06
A5 21           0.20000000E+00
 0.1567804233160E+07 0.7095676474951E-01 0.1231671541337E+07
A5 22           0.20000000E+00
 0.1538895653423E+07 0.6775575701502E+02 0.3589773602913E+06
A5 23           0.20000000E+00
 0.1526262697545E+07 0.3322311277734E+02 0.1511889067938E+05
A5 24           0.20000000E+00
 0.1526878627769E+07 0.2748976109062E+02 0.4214131339008E+02
A5 25           0.20000000E+00
 0.1527606212661E+07 0.2735151779967E+02 0.4197049880830E+02
A6  1           0.20000000E+00
 0.2707027776134E+07 0.2200775772022E+03 0.4529858801992E+06
A6  2           0.20000000E+00
 0.2705936156853E+07 0.2200596892874E+03 0.4527935280180E+06
A6  3           0.20000000E+00
 0.2703736451608E+07 0.2200233161019E+03 0.4524062111241E+06
A6  4           0.20000000E+00
 0.2700404041850E+07 0.2199674743269E+03 0.4518227453625E+06
A6  5           0.20000000E+00
 0.2695901562211E+07 0.2198906738867E+03 0.4510421453897E+06
A6  6           0.20000000E+00
 0.2690175113180E+07 0.2197907948090E+03 0.4500631462410E+06
A6  7           0.20000000E+00
 0.2683142950885E+07 0.2196647885684E+03 0.4488825388780E+06
A6  8           0.20000000E+00
 0.2674681624535E+07 0.2195082615301E+03 0.4474970125209E+06
A6  9           0.20000000E+00
 0.2664608226407E+07 0.2193148364632E+03 0.4459162933633E+06
A6 10           0.20000000E+00
 0.2652682085181E+07 0.2190754744199E+03 0.4442206195353E+06
A6 11           0.20000000E+00
 0.2637325357133E+07 0.2187491245568E+03 0.4426425603575E+06
A6 12           0.20000000E+00
 0.2615574343115E+07 0.2182453659884E+03 0.4420613354473E+06
A6 13           0.20000000E+00
 0.2584931918615E+07 0.2174375485425E+03 0.4451836953317E+06
A6 14           0.20000000E+00
 0.2540428567772E+07 0.2160571939521E+03 0.4561312193536E+06
A6 15           0.20000000E+00
 0.2469565416358E+07 0.2133624486234E+03 0.4743636702322E+06
A6 16           0.20000000E+00
 0.2437473873685E+07 0.4628337355657E+00 0.5135057982343E+06
A6 17           0.20000000E+00
 0.2376074342181E+07 0.3046003240630E+00 0.5023359717613E+06
A6 18           0.20000000E+00
 0.2324902593952E+07 0.2017494574753E+00 0.4333927200392E+06
A6 19           0.20000000E+00
 0.2280032483816E+07 0.1449514692257E+00 0.5923421079869E+06
A6 20           0.20000000E+00
 0.2236653492671E+07 0.1007992639020E+00 0.1082271536488E+07
A6 21           0.20000000E+00
 0.2204625862610E+07 0.1476548461200E+03 0.1577742780699E+07
A6 22           0.20000000E+00
 0.2185882088954E+07 0.7837364047584E+02 0.5516140788364E+06
A6 23           0.20000000E+00
 0.2176362319656E+07 0.3868611523884E+02 0.3106928578242E+05
A6 24           0.20000000E+00
 0.2178376184442E+07 0.3150172768158E+02 0.4692478057291E+02
A6 25           0.20000000E+00
 0.2179413908495E+07 0.3139235423326E+02 0.4674953624004E+02
A7  1           0.20000000E+00
 0.3323857870286E+07 0.6017424103286E+00 0.5665821814583E+06
A7  2           0.20000000E+00
 0.3322231085009E+07 0.6020053969247E+00 0.5662816868125E+06
A7  3           0.20000000E+00
 0.3318978662615E+07 0.6024877932062E+00 0.5656821797002E+06
A7  4           0.20000000E+00
 0.3314095931782E+07 0.6031972798918E+00 0.5647871925225E+06
A7  5           0.20000000E+00
 0.3307575336906E+07 0.6041493945017E+00 0.5636030466264E+06
A7  6           0.20000000E+00
 0.3299413940137E+07 0.6053702292150E+00 0.5621405316852E+06
A7  7           0.20000000E+00
 0.3289621504966E+07 0.6068865321834E+00 0.5604170422790E+06
A7  8           0.20000000E+00
 0.3278238374782E+07 0.6086991636665E+00 0.5584661388998E+06
A7  9           0.20000000E+00
 0.3265358498235E+07 0.6106496142003E+00 0.5563655923778E+06
A7 10           0.20000000E+00
 0.3251127237179E+07 0.6119665632403E+00 0.5543215648405E+06
A7 11           0.20000000E+00
 0.3234015253197E+07 0.6123468968934E+00 0.5527519246556E+06
A7 12           0.20000000E+00
 0.3211223940464E+07 0.6116360507383E+00 0.5530756531981E+06
A7 13           0.20000000E+00
 0.3180250671596E+07 0.6124920831578E+00 0.5590624358468E+06
A7 14           0.20000000E+00
 0.3139341455283E+07 0.6161658951996E+00 0.5770933134188E+06
A7 15           0.20000000E+00
 0.3096611186974E+07 0.5619205509085E+00 0.6143988496485E+06
A7 16           0.20000000E+00
 0.3049753394311E+07 0.4234011008915E+00 0.6634678817105E+06
A7 17           0.20000000E+00
 0.2997904037895E+07 0.2696602563140E+00 0.6740460822040E+06
A7 18           0.20000000E+00
 0.2951894802641E+07 0.1726351173637E+00 0.7144635321384E+06
A7 19           0.20000000E+00
 0.2907149638279E+07 0.1190524194894E+00 0.1089491486748E+07
A7 20           0.20000000E+00
 0.2862057768388E+07 0.5869081288359E-01 0.1701531649171E+07
A7 21           0.20000000E+00
 0.2836863038482E+07 0.1488918502104E+03 0.1718364738719E+07
A7 22           0.20000000E+00
 0.2829564775037E+07 0.8292830905852E+02 0.6428531368986E+06
A7 23           0.20000000E+00
 0.2826534908414E+07 0.4361111645645E+02 0.4097275561818E+05
A7 24           0.20000000E+00
 0.2831058468264E+07 0.3624150685679E+02 0.5281194348232E+02
A7 25           0.20000000E+00
 0.2832372804614E+07 0.3626148131197E+02 0.5270313731290E+02
A8  1           0.20000000E+00
 0.3967741357692E+07 0.5654715426169E+00 0.6886968735081E+06
A8  2           0.20000000E+00
 0.3966056981736E+07 0.5655243909022E+00 0.6883810855119E+06
A8  3           0.20000000E+00
 0.3962690765740E+07 0.5656226980872E+00 0.6877511648776E+06
A8  4           0.20000000E+00
 0.3957647359191E+07 0.5657655079024E+00 0.6868135463587E+06
A8  5           0.20000000E+00
 0.3950933671680E+07 0.5659523777818E+00 0.6855794479778E+06
A8  6           0.20000000E+00
 0.3942562860974E+07 0.5661834168936E+00 0.6840660279570E+06
A8  7           0.20000000E+00
 0.3932554248183E+07 0.5664554313084E+00 0.6822969168201E+06
A8  8           0.20000000E+00
 0.3920936678597E+07 0.5667540282341E+00 0.6803106272976E+06
A8  9           0.20000000E+00
 0.3907749045665E+07 0.5670247302534E+00 0.6781903262537E+06
A8 10           0.20000000E+00
 0.3893030035779E+07 0.5670937122589E+00 0.6761708160687E+06
A8 11           0.20000000E+00
 0.3875140882105E+07 0.5668888670530E+00 0.6748620756271E+06
A8 12           0.20000000E+00
 0.3851175234814E+07 0.5664104440059E+00 0.6762648478895E+06
A8 13           0.20000000E+00
 0.3818855462238E+07 0.5660773602294E+00 0.6854889549665E+06
A8 14           0.20000000E+00
 0.3775476294949E+07 0.5640255498690E+00 0.7105164489753E+06
A8 15           0.20000000E+00
 0.3720665693293E+07 0.5263246220704E+00 0.7571041180595E+06
A8 16           0.20000000E+00
 0.3664458071342E+07 0.3904848497702E+00 0.8238275474990E+06
A8 17           0.20000000E+00
 0.3615816716271E+07 0.2406241121600E+00 0.8843176196580E+06
A8 18           0.20000000E+00
 0.3572075347935E+07 0.1483976149289E+00 0.1118625681891E+07
A8 19           0.20000000E+00
 0.3528875593391E+07 0.9419381961607E-01 0.1697148242498E+07
A8 20           0.20000000E+00
 0.3486183862242E+07 0.1835204129164E+03 0.1812919059904E+07
A8 21           0.20000000E+00
 0.3467871497272E+07 0.1441226641769E+03 0.1657618680554E+07
A8 22           0.20000000E+00
 0.3472050337166E+07 0.8441793287960E+02 0.6580919923150E+06
A8 23           0.20000000E+00
 0.3476886836418E+07 0.4840378292090E+02 0.4579445134203E+05
A8 24           0.20000000E+00
 0.3484760428122E+07 0.4170540872631E+02 0.5980478039815E+02
A8 25           0.20000000E+00
 0.3486238480513E+07 0.4194433214154E+02 0.5975749856210E+02
A9  1           0.20000000E+00
 0.4601203441061E+07 0.5503325911082E+00 0.8112670381152E+06
A9  2           0.20000000E+00
 0.4599455482225E+07 0.5503680221775E+00 0.8109325010998E+06
A9  3           0.20000000E+00
 0.4595961826037E+07 0.5504352600505E+00 0.8102652925449E+06
A9  4           0.20000000E+00
 0.4590726863921E+07 0.5505331083828E+00 0.8092731021519E+06
A9  5           0.20000000E+00
 0.4583756285443E+07 0.5506606909628E+00 0.8079693436131E+06
A9  6           0.20000000E+00
 0.4575059584380E+07 0.5508175727365E+00 0.8063741707438E+06
A9  7           0.20000000E+00
 0.4564647676433E+07 0.5510004451397E+00 0.8045144184822E+06
A9  8           0.20000000E+00
 0.4552534039550E+07 0.5511967855495E+00 0.8024334182349E+06
A9  9           0.20000000E+00
 0.4538734424082E+07 0.5513610382232E+00 0.8002277970998E+06
A9 10           0.20000000E+00
 0.4523260664812E+07 0.5513502825192E+00 0.7981854642579E+06
A9 11           0.20000000E+00
 0.4504365000137E+07 0.5510820045606E+00 0.7971406252229E+06
A9 12           0.20000000E+00
 0.4478923128510E+07 0.5505466492455E+00 0.7997368146373E+06
A9 13           0.20000000E+00
 0.4444411824768E+07 0.5499294758928E+00 0.8124381628757E+06
A9 14           0.20000000E+00
 0.4397459279035E+07 0.5458242881555E+00 0.8450374588875E+06
A9 15           0.20000000E+00
 0.4336759458393E+07 0.4992142094861E+00 0.9050780249586E+06
A9 16           0.20000000E+00
 0.4278281119559E+07 0.3584183958482E+00 0.1000645665248E+07
A9 17           0.20000000E+00
 0.4231174831435E+07 0.2141199136524E+00 0.1155773489914E+07
A9 18           0.20000000E+00
 0.4189206284923E+07 0.1267931787643E+00 0.1637941928949E+07
A9 19           0.20000000E+00
 0.4143663823172E+07 0.2062216609729E+03 0.2131271275622E+07
A9 20           0.20000000E+00
 0.4111016590394E+07 0.1780759160942E+03 0.1817809396370E+07
A9 21           0.20000000E+00
 0.4100209111567E+07 0.1355671740627E+03 0.1462677045490E+07
A9 22           0.20000000E+00
 0.4114624746822E+07 0.8507731345573E+02 0.6501178667086E+06
A9 23           0.20000000E+00
 0.4127468736651E+07 0.5340821169490E+02 0.4990370211535E+05
A9 24           0.20000000E+00
 0.4139221547068E+07 0.4789763092107E+02 0.6782561565045E+02
A9 25           0.20000000E+00
 0.4140615597787E+07 0.4840319370894E+02 0.6764799977747E+02
AA  1           0.20000000E+00
 0.5226486850456E+07 0.5392870676895E+00 0.9349502781070E+06
AA  2           0.20000000E+00
 0.5224662855834E+07 0.5393119622043E+00 0.9345943537877E+06
AA  3           0.20000000E+00
 0.5221016368818E+07 0.5393604592818E+00 0.9338845331840E+06
AA  4           0.20000000E+00
 0.5215550329062E+07 0.5394310383036E+00 0.9328296692172E+06
AA  5           0.20000000E+00
 0.5208267959881E+07 0.5395223335234E+00 0.9314454343263E+06
AA  6           0.20000000E+00
 0.5199175007381E+07 0.5396334158528E+00 0.9297554676245E+06
AA  7           0.20000000E+00
 0.5188276860357E+07 0.5397606494369E+00 0.9277909263589E+06
AA  8           0.20000000E+00
 0.5175579551067E+07 0.5398920468127E+00 0.9256023793620E+06
AA  9           0.20000000E+00
 0.5161089849440E+07 0.5399850608109E+00 0.9233048388594E+06
AA 10           0.20000000E+00
 0.5144810425393E+07 0.5399073207400E+00 0.9212523642750E+06
AA 11           0.20000000E+00
 0.5124893588856E+07 0.5395619314463E+00 0.9205519544669E+06
AA 12           0.20000000E+00
 0.5098023922281E+07 0.5389307154464E+00 0.9246212098024E+06
AA 13           0.20000000E+00
 0.5061504828696E+07 0.5379804886498E+00 0.9414982689914E+06
AA 14           0.20000000E+00
 0.5011762023322E+07 0.5312133365348E+00 0.9831848572062E+06
AA 15           0.20000000E+00
 0.4948569261379E+07 0.4728613367448E+00 0.1061098150690E+07
AA 16           0.20000000E+00
 0.4890960539620E+07 0.3273244479800E+00 0.1200421489761E+07
AA 17           0.20000000E+00
 0.4844965371428E+07 0.1892174880171E+00 0.1514470846006E+07
AA 18           0.20000000E+00
 0.4805947227773E+07 0.1038336774882E+00 0.2250560584781E+07
AA 19           0.20000000E+00
 0.4762167486166E+07 0.2025807322680E+03 0.2208000670848E+07
AA 20           0.20000000E+00
 0.4736948508496E+07 0.1698656398210E+03 0.1659036629275E+07
AA 21           0.20000000E+00
 0.4735293800506E+07 0.1259502837613E+03 0.1149714951138E+07
AA 22           0.20000000E+00
 0.4757818718807E+07 0.8543253799408E+02 0.6202676896509E+06
AA 23           0.20000000E+00
 0.4778199460588E+07 0.5876896174463E+02 0.5285485672962E+05
AA 24           0.20000000E+00
 0.4794094262495E+07 0.5482928560589E+02 0.7668016331911E+02
AA 25           0.20000000E+00
 0.4794984312415E+07 0.5558170251838E+02 0.7587594856385E+02
AB  1           0.20000000E+00
 0.5846366471479E+07 0.5308875733593E+00 0.1060103866079E+07
AB  2           0.20000000E+00
 0.5844459343355E+07 0.5309046703849E+00 0.1059724832575E+07
AB  3           0.20000000E+00
 0.5840646338072E+07 0.5309393109829E+00 0.1058969104702E+07
AB  4           0.20000000E+00
 0.5834929989060E+07 0.5309896016398E+00 0.1057847072692E+07
AB  5           0.20000000E+00
 0.5827312873943E+07 0.5310536318529E+00 0.1056377405566E+07
AB  6           0.20000000E+00
 0.5817799948276E+07 0.5311299494507E+00 0.1054588462118E+07
AB  7           0.20000000E+00
 0.5806395567719E+07 0.5312144298642E+00 0.1052517337072E+07
AB  8           0.20000000E+00
 0.5793104671138E+07 0.5312949044386E+00 0.1050224264586E+07
AB  9           0.20000000E+00
 0.5777933264867E+07 0.5313290560968E+00 0.1047847025250E+07
AB 10           0.20000000E+00
 0.5760884257796E+07 0.5311861230292E+00 0.1045819904136E+07
AB 11           0.20000000E+00
 0.5740026116021E+07 0.5307527810511E+00 0.1045585415646E+07
AB 12           0.20000000E+00
 0.5711898671364E+07 0.5300005646159E+00 0.1051501420752E+07
AB 13           0.20000000E+00
 0.5673721648376E+07 0.5286129100634E+00 0.1073440057624E+07
AB 14           0.20000000E+00
 0.5621991915634E+07 0.5181585780304E+00 0.1126066575078E+07
AB 15           0.20000000E+00
 0.5558463170738E+07 0.4463363429177E+00 0.1227496991421E+07
AB 16           0.20000000E+00
 0.5502999469365E+07 0.2973102549006E+00 0.1433191757831E+07
AB 17           0.20000000E+00
 0.5457621970450E+07 0.1655965136498E+00 0.1977760186392E+07
AB 18           0.20000000E+00
 0.5414720432773E+07 0.2237915423175E+03 0.2787114669164E+07
AB 19           0.20000000E+00
 0.5382999549912E+07 0.1970984967069E+03 0.2160929706982E+07
AB 20           0.20000000E+00
 0.5365285196724E+07 0.1594456085479E+03 0.1392570025420E+07
AB 21           0.20000000E+00
 0.5373159709960E+07 0.1186108392171E+03 0.9387993313550E+06
AB 22           0.20000000E+00
 0.5401770640481E+07 0.8609268766894E+02 0.5720122990591E+06
AB 23           0.20000000E+00
 0.5428901019186E+07 0.6463941729489E+02 0.5420970947747E+05
AB 24           0.20000000E+00
 0.5448953281007E+07 0.6252606631443E+02 0.8603080910628E+02
AB 25           0.20000000E+00
 0.5448734654593E+07 0.6340931560717E+02 0.8371651027600E+02
AC  1           0.20000000E+00
 0.6463215231285E+07 0.5244617325026E+00 0.1187069228951E+07
AC  2           0.20000000E+00
 0.6461219770505E+07 0.5244724088079E+00 0.1186665640873E+07
AC  3           0.20000000E+00
 0.6457230486111E+07 0.5244955972135E+00 0.1185861301765E+07
AC  4           0.20000000E+00
 0.6451250773691E+07 0.5245289447924E+00 0.1184668600243E+07
AC  5           0.20000000E+00
 0.6443284521835E+07 0.5245698605421E+00 0.1183110065166E+07
AC  6           0.20000000E+00
 0.6433338625279E+07 0.5246162206898E+00 0.1181220143116E+07
AC  7           0.20000000E+00
 0.6421419977109E+07 0.5246631767510E+00 0.1179043479213E+07
AC  8           0.20000000E+00
 0.6407536858000E+07 0.5246977612481E+00 0.1176652318605E+07
AC  9           0.20000000E+00
 0.6391699747145E+07 0.5246760384903E+00 0.1174211540514E+07
AC 10           0.20000000E+00
 0.6373917537839E+07 0.5244634389528E+00 0.1172251867488E+07
AC 11           0.20000000E+00
 0.6352186602718E+07 0.5239280611447E+00 0.1172627986665E+07
AC 12           0.20000000E+00
 0.6322934882515E+07 0.5230253526087E+00 0.1180834132248E+07
AC 13           0.20000000E+00
 0.6283356948259E+07 0.5210211329428E+00 0.1208859394469E+07
AC 14           0.20000000E+00
 0.6230219332854E+07 0.5054577622940E+00 0.1274637893415E+07
AC 15           0.20000000E+00
 0.6167865266562E+07 0.4193087075841E+00 0.1407385074823E+07
AC 16           0.20000000E+00
 0.6115279017483E+07 0.2682879892005E+00 0.1714566085421E+07
AC 17           0.20000000E+00
 0.6072430349461E+07 0.1423039507710E+00 0.2549633961829E+07
AC 18           0.20000000E+00
 0.6030128927139E+07 0.2209350567916E+03 0.2814833193727E+07
AC 19           0.20000000E+00
 0.6005500297488E+07 0.1893817398730E+03 0.1905270373046E+07
AC 20           0.20000000E+00
 0.5996610448039E+07 0.1483880633780E+03 0.1063872661884E+07
AC 21           0.20000000E+00
 0.6012862099360E+07 0.1138170467615E+03 0.8167461802363E+06
AC 22           0.20000000E+00
 0.6046262955272E+07 0.8754934998912E+02 0.5098600090297E+06
AC 23           0.20000000E+00
 0.6079267358426E+07 0.7116879710834E+02 0.5361593203675E+05
AC 24           0.20000000E+00
 0.6103300453901E+07 0.7103956134846E+02 0.9536368904311E+02
AC 25           0.20000000E+00
 0.6101201580405E+07 0.7180540022267E+02 0.9031417605023E+02
AD  1           0.20000000E+00
 0.7078934271623E+07 0.5196301239388E+00 0.1316142319190E+07
AD  2           0.20000000E+00
 0.7076842132170E+07 0.5196350403241E+00 0.1315711981239E+07
AD  3           0.20000000E+00
 0.7072660464930E+07 0.5196478518851E+00 0.1314854830460E+07
AD  4           0.20000000E+00
 0.7066394680422E+07 0.5196656110300E+00 0.1313585736409E+07
AD  5           0.20000000E+00
 0.7058051690629E+07 0.5196848201011E+00 0.1311932008561E+07
AD  6           0.20000000E+00
 0.7047642609734E+07 0.5197024151356E+00 0.1309935658297E+07
AD  7           0.20000000E+00
 0.7035179688874E+07 0.5197125031673E+00 0.1307650521959E+07
AD  8           0.20000000E+00
 0.7020677849455E+07 0.5197006405183E+00 0.1305163288251E+07
AD  9           0.20000000E+00
 0.7004155727634E+07 0.5196197577809E+00 0.1302670483448E+07
AD 10           0.20000000E+00
 0.6985631987052E+07 0.5193275389461E+00 0.1300818485644E+07
AD 11           0.20000000E+00
 0.6963034720193E+07 0.5186706838500E+00 0.1301967387628E+07
AD 12           0.20000000E+00
 0.6932694478896E+07 0.5175762529794E+00 0.1312977376582E+07
AD 13           0.20000000E+00
 0.6891813437588E+07 0.5146698137643E+00 0.1348262577282E+07
AD 14           0.20000000E+00
 0.6837606105215E+07 0.4921856427619E+00 0.1429928766811E+07
AD 15           0.20000000E+00
 0.6777310344302E+07 0.3916948775557E+00 0.1605086506145E+07
AD 16           0.20000000E+00
 0.6727601450487E+07 0.2401913070638E+00 0.2065298471744E+07
AD 17           0.20000000E+00
 0.6689549019719E+07 0.1172888110488E+00 0.3206047090228E+07
AD 18           0.20000000E+00
 0.6649400950102E+07 0.2168428185172E+03 0.2783685902260E+07
AD 19           0.20000000E+00
 0.6630449957074E+07 0.1804146637281E+03 0.1566372014574E+07
AD 20           0.20000000E+00
 0.6630740741917E+07 0.1387775153293E+03 0.7874032240135E+06
AD 21           0.20000000E+00
 0.6653487496175E+07 0.1110941911514E+03 0.7033321294663E+06
AD 22           0.20000000E+00
 0.6690828597550E+07 0.9012803161284E+02 0.4389798417625E+06
AD 23           0.20000000E+00
 0.6728850857248E+07 0.7849441897261E+02 0.5089736614537E+05
AD 24           0.20000000E+00
 0.6756558697743E+07 0.8046460014542E+02 0.1039536207995E+03
AD 25           0.20000000E+00
 0.6751695814234E+07 0.8068453650816E+02 0.9486322702696E+02
AE  1           0.20000000E+00
 0.7695042783972E+07 0.5161688553527E+00 0.1447576320077E+07
AE  2           0.20000000E+00
 0.7692838078270E+07 0.5161682069082E+00 0.1447115302229E+07
AE  3           0.20000000E+00
 0.7688432878926E+07 0.5161708310902E+00 0.1446197693059E+07
AE  4           0.20000000E+00
 0.7681835838952E+07 0.5161729871081E+00 0.1444841392176E+07
AE  5           0.20000000E+00
 0.7673058703876E+07 0.5161699288992E+00 0.1443079556617E+07
AE  6           0.20000000E+00
 0.7662119210364E+07 0.5161572309449E+00 0.1440963508403E+07
AE  7           0.20000000E+00
 0.7649037920531E+07 0.5161275242179E+00 0.1438558144675E+07
AE  8           0.20000000E+00
 0.7633839827727E+07 0.5160640120309E+00 0.1435967449405E+07
AE  9           0.20000000E+00
 0.7616555573701E+07 0.5159150602988E+00 0.1433424790457E+07
AE 10           0.20000000E+00
 0.7597217541798E+07 0.5155273866567E+00 0.1431715881919E+07
AE 11           0.20000000E+00
 0.7573682279514E+07 0.5147223333881E+00 0.1433821534327E+07
AE 12           0.20000000E+00
 0.7542185115839E+07 0.5133754406765E+00 0.1448240013721E+07
AE 13           0.20000000E+00
 0.7499962119521E+07 0.5091227013803E+00 0.1492157234835E+07
AE 14           0.20000000E+00
 0.7444887684874E+07 0.4775656381169E+00 0.1593301366726E+07
AE 15           0.20000000E+00
 0.7386926865835E+07 0.3634696364058E+00 0.1827092475025E+07
AE 16           0.20000000E+00
 0.7338596848577E+07 0.2128173335874E+00 0.2509529207970E+07
AE 17           0.20000000E+00
 0.7298275103355E+07 0.6404567991072E-01 0.3902409122958E+07
AE 18           0.20000000E+00
 0.7270392264266E+07 0.2110931921603E+03 0.2599190643354E+07
AE 19           0.20000000E+00
 0.7257751251839E+07 0.1699078098834E+03 0.1126646582240E+07
AE 20           0.20000000E+00
 0.7266589405705E+07 0.1330176680071E+03 0.6915017545080E+06
AE 21           0.20000000E+00
 0.7294217068989E+07 0.1103478562906E+03 0.5943454981362E+06
AE 22           0.20000000E+00
 0.7334828314864E+07 0.9401401532000E+02 0.3649176252370E+06
AE 23           0.20000000E+00
 0.7377057972724E+07 0.8674260138168E+02 0.4613318256589E+05
AE 24           0.20000000E+00
 0.7408046335888E+07 0.9097239946666E+02 0.1107491047876E+03
AE 25           0.20000000E+00
 0.7399525932048E+07 0.8996332809706E+02 0.9685173968759E+02
AF  1           0.20000000E+00
 0.8312804834449E+07 0.5139563464002E+00 0.1581597189272E+07
AF  2           0.20000000E+00
 0.8310459668931E+07 0.5139499687533E+00 0.1581098745631E+07
AF  3           0.20000000E+00
 0.8305775961510E+07 0.5139418844822E+00 0.1580107460025E+07
AF  4           0.20000000E+00
 0.8298767213397E+07 0.5139272661426E+00 0.1578644956343E+07
AF  5           0.20000000E+00
 0.8289452394248E+07 0.5138996038166E+00 0.1576751590905E+07
AF  6           0.20000000E+00
 0.8277859100956E+07 0.5138524565325E+00 0.1574490238001E+07
AF  7           0.20000000E+00
 0.8264020290915E+07 0.5137763834081E+00 0.1571939212473E+07
AF  8           0.20000000E+00
 0.8247975958759E+07 0.5136509514137E+00 0.1569223495296E+07
AF  9           0.20000000E+00
 0.8229774656547E+07 0.5134184934349E+00 0.1566619705586E+07
AF 10           0.20000000E+00
 0.8209469167279E+07 0.5129119636320E+00 0.1565083287756E+07
AF 11           0.20000000E+00
 0.8184836785958E+07 0.5119215093944E+00 0.1568361704535E+07
AF 12           0.20000000E+00
 0.8152020139018E+07 0.5102294336767E+00 0.1586919690885E+07
AF 13           0.20000000E+00
 0.8108353357678E+07 0.5039466634143E+00 0.1641130223644E+07
AF 14           0.20000000E+00
 0.8052772904200E+07 0.4609583368090E+00 0.1766777054167E+07
AF 15           0.20000000E+00
 0.7997668864777E+07 0.3346059244763E+00 0.2083919745520E+07
AF 16           0.20000000E+00
 0.7951427921459E+07 0.1853955087641E+00 0.3077378280130E+07
AF 17           0.20000000E+00
 0.7911460496448E+07 0.2380927271387E+03 0.3746103219240E+07
AF 18           0.20000000E+00
 0.7892253790901E+07 0.2034020760457E+03 0.2133378453571E+07
AF 19           0.20000000E+00
 0.7887207821700E+07 0.1599984057030E+03 0.6994825812304E+06
AF 20           0.20000000E+00
 0.7902753986913E+07 0.1298053976776E+03 0.5935940515566E+06
AF 21           0.20000000E+00
 0.7934206099718E+07 0.1114348588316E+03 0.4917865026907E+06
AF 22           0.20000000E+00
 0.7977500134456E+07 0.9927741534715E+02 0.2929930906966E+06
AF 23           0.20000000E+00
 0.8023146759282E+07 0.9603501807140E+02 0.3969785838331E+05
AF 24           0.20000000E+00
 0.8056908735615E+07 0.1028765698235E+03 0.1141081510896E+03
AF 25           0.20000000E+00
 0.8044011489776E+07 0.9957007447081E+02 0.9621889347051E+02
AG  1           0.20000000E+00
 0.8933368485144E+07 0.5129526389397E+00 0.1718426921291E+07
AG  2           0.20000000E+00
 0.8930837231389E+07 0.5129400278896E+00 0.1717880048492E+07
AG  3           0.20000000E+00
 0.8925784888777E+07 0.5129200068469E+00 0.1716793454282E+07
AG  4           0.20000000E+00
 0.8918232051033E+07 0.5128862136799E+00 0.1715193408670E+07
AG  5           0.20000000E+00
 0.8908208263202E+07 0.5128295738744E+00 0.1713129248428E+07
AG  6           0.20000000E+00
 0.8895755553146E+07 0.5127405915850E+00 0.1710678369853E+07
AG  7           0.20000000E+00
 0.8880925069264E+07 0.5126069056415E+00 0.1707935553306E+07
AG  8           0.20000000E+00
 0.8863778807325E+07 0.5124023927267E+00 0.1705051687344E+07
AG  9           0.20000000E+00
 0.8844391710584E+07 0.5120618472266E+00 0.1702354656333E+07
AG 10           0.20000000E+00
 0.8822846547775E+07 0.5114020721524E+00 0.1701009572419E+07
AG 11           0.20000000E+00
 0.8796824486289E+07 0.5101730212027E+00 0.1705717909603E+07
AG 12           0.20000000E+00
 0.8762369624943E+07 0.5079895652902E+00 0.1729307261899E+07
AG 13           0.20000000E+00
 0.8717010862101E+07 0.4986317757465E+00 0.1795853407345E+07
AG 14           0.20000000E+00
 0.8661330418221E+07 0.4418830064234E+00 0.1953184747046E+07
AG 15           0.20000000E+00
 0.8609550334468E+07 0.3052044664497E+00 0.2390319530976E+07
AG 16           0.20000000E+00
 0.8567327310247E+07 0.1576171574761E+00 0.3764634321410E+07
AG 17           0.20000000E+00
 0.8529704797736E+07 0.2345117149349E+03 0.3597113830372E+07
AG 18           0.20000000E+00
 0.8515559512840E+07 0.1948429883472E+03 0.1619612264048E+07
AG 19           0.20000000E+00
 0.8517930431236E+07 0.1528752540973E+03 0.4544563385175E+06
AG 20           0.20000000E+00
 0.8538292737354E+07 0.1288090984775E+03 0.4729092913950E+06
AG 21           0.20000000E+00
 0.8572621328245E+07 0.1142081064886E+03 0.3985708343185E+06
AG 22           0.20000000E+00
 0.8617998675661E+07 0.1059050078312E+03 0.2275807920594E+06
AG 23           0.20000000E+00
 0.8666224661538E+07 0.1064845584779E+03 0.3224266589623E+05
AG 24           0.20000000E+00
 0.8701959891900E+07 0.1167723685657E+03 0.1133639558920E+03
AG 25           0.20000000E+00
 0.8684488903160E+07 0.1094506971332E+03 0.9331760416618E+02
AH  1           0.20000000E+00
 0.9557916025614E+07 0.5131980974012E+00 0.1858314071691E+07
AH  2           0.20000000E+00
 0.9555127488010E+07 0.5131783410090E+00 0.1857701492890E+07
AH  3           0.20000000E+00
 0.9549565747713E+07 0.5131442636141E+00 0.1856485570863E+07
AH  4           0.20000000E+00
 0.9541261744850E+07 0.5130872523783E+00 0.1854698497014E+07
AH  5           0.20000000E+00
 0.9530260499039E+07 0.5129943655450E+00 0.1852401032754E+07
AH  6           0.20000000E+00
 0.9516625207964E+07 0.5128513303960E+00 0.1849689182252E+07
AH  7           0.20000000E+00
 0.9500433749632E+07 0.5126416161624E+00 0.1846678284056E+07
AH  8           0.20000000E+00
 0.9481780185564E+07 0.5123298620576E+00 0.1843551873031E+07
AH  9           0.20000000E+00
 0.9460777686076E+07 0.5118420281967E+00 0.1840699374027E+07
AH 10           0.20000000E+00
 0.9437551158755E+07 0.5109769729236E+00 0.1839549951118E+07
AH 11           0.20000000E+00
 0.9409651509486E+07 0.5094297865317E+00 0.1846005380272E+07
AH 12           0.20000000E+00
 0.9372991783441E+07 0.5065147625027E+00 0.1875738962752E+07
AH 13           0.20000000E+00
 0.9325398658236E+07 0.4924927728423E+00 0.1957225553009E+07
AH 14           0.20000000E+00
 0.9269746072497E+07 0.4199561297031E+00 0.2156797368688E+07
AH 15           0.20000000E+00
 0.9220982509405E+07 0.2753524572924E+00 0.2766713193263E+07
AH 16           0.20000000E+00
 0.9185320130100E+07 0.1275861782637E+00 0.4529458294499E+07
AH 17           0.20000000E+00
 0.9149629589794E+07 0.2298995672411E+03 0.3373130898988E+07
AH 18           0.20000000E+00
 0.9139817074904E+07 0.1859200361280E+03 0.1075184697697E+07
AH 19           0.20000000E+00
 0.9148476510877E+07 0.1494525554019E+03 0.4011065128210E+06
AH 20           0.20000000E+00
 0.9172276146518E+07 0.1298030241994E+03 0.3934695804141E+06
AH 21           0.20000000E+00
 0.9208639009150E+07 0.1184988371980E+03 0.3171103630119E+06
AH 22           0.20000000E+00
 0.9255431097713E+07 0.1138159334971E+03 0.1715690983632E+06
AH 23           0.20000000E+00
 0.9305270573898E+07 0.1181182376878E+03 0.2463210974366E+05
AH 24           0.20000000E+00
 0.9341506912569E+07 0.1327372449766E+03 0.1505476635876E+03
AH 25           0.20000000E+00
 0.9320323336799E+07 0.1195461351797E+03 0.8997079030198E+02
AI  1           0.20000000E+00
 0.1018781591011E+08 0.5148324424854E+00 0.2001569146393E+07
AI  2           0.20000000E+00
 0.1018466251998E+08 0.5148040069777E+00 0.2000864478890E+07
AI  3           0.20000000E+00
 0.1017837853083E+08 0.5147523553336E+00 0.1999467223679E+07
AI  4           0.20000000E+00
 0.1016900995450E+08 0.5146654121479E+00 0.1997417298519E+07
AI  5           0.20000000E+00
 0.1015662480428E+08 0.5145241165256E+00 0.1994790413209E+07
AI  6           0.20000000E+00
 0.1014131844632E+08 0.5143063973542E+00 0.1991707196798E+07
AI  7           0.20000000E+00
 0.1012321018310E+08 0.5139896447570E+00 0.1988309663583E+07
AI  8           0.20000000E+00
 0.1010244386545E+08 0.5135226375252E+00 0.1984824307307E+07
AI  9           0.20000000E+00
 0.1007919195994E+08 0.5128224309488E+00 0.1981716804921E+07
AI 10           0.20000000E+00
 0.1005364151094E+08 0.5116692095961E+00 0.1980759609813E+07
AI 11           0.20000000E+00
 0.1002316326870E+08 0.5096776455153E+00 0.1989393523137E+07
AI 12           0.20000000E+00
 0.9983488497610E+07 0.5056162278037E+00 0.2026751732005E+07
AI 13           0.20000000E+00
 0.9932873412895E+07 0.4845346227301E+00 0.2126823116188E+07
AI 14           0.20000000E+00
 0.9876893300795E+07 0.3947331075495E+00 0.2385156836086E+07
AI 15           0.20000000E+00
 0.9828257709917E+07 0.2446828219117E+00 0.3244715326521E+07
AI 16           0.20000000E+00
 0.9788527260126E+07 0.6038179225147E-01 0.5297882146516E+07
AI 17           0.20000000E+00
 0.9768340163644E+07 0.2232131713072E+03 0.2892607021798E+07
AI 18           0.20000000E+00
 0.9764193721004E+07 0.1777297311853E+03 0.5550433076325E+06
AI 19           0.20000000E+00
 0.9777599619488E+07 0.1481985057709E+03 0.3469996874764E+06
AI 20           0.20000000E+00
 0.9803853207841E+07 0.1323612384817E+03 0.3242139132199E+06
AI 21           0.20000000E+00
 0.9841470191862E+07 0.1240998436837E+03 0.2486249765652E+06
AI 22           0.20000000E+00
 0.9888903888287E+07 0.1228569893347E+03 0.1261780219099E+06
AI 23           0.20000000E+00
 0.9939245885971E+07 0.1307535718410E+03 0.1774082760390E+05
AI 24           0.20000000E+00
 0.9973959883762E+07 0.1493930471871E+03 0.3177225828713E+03
AI 25           0.20000000E+00
 0.9950956760030E+07 0.1297367888346E+03 0.9233907405693E+02
AJ  1           0.20000000E+00
 0.1082472709663E+08 0.5181489753052E+00 0.2148592724615E+07
AJ  2           0.20000000E+00
 0.1082105143432E+08 0.5181091476179E+00 0.2147756841979E+07
AJ  3           0.20000000E+00
 0.1081373226427E+08 0.5180337514987E+00 0.2146100787726E+07
AJ  4           0.20000000E+00
 0.1080283538849E+08 0.5179050559130E+00 0.2143674310284E+07
AJ  5           0.20000000E+00
 0.1078846132319E+08 0.5176936896642E+00 0.2140572815605E+07
AJ  6           0.20000000E+00
 0.1077075489380E+08 0.5173640873252E+00 0.2136950559875E+07
AJ  7           0.20000000E+00
 0.1074990413106E+08 0.5168845685891E+00 0.2132986199267E+07
AJ  8           0.20000000E+00
 0.1072613940446E+08 0.5161745887845E+00 0.2128966950856E+07
AJ  9           0.20000000E+00
 0.1069974050060E+08 0.5151472833817E+00 0.2125459258567E+07
AJ 10           0.20000000E+00
 0.1067100412680E+08 0.5135659066170E+00 0.2124704197880E+07
AJ 11           0.20000000E+00
 0.1063708226273E+08 0.5109170999001E+00 0.2136174063001E+07
AJ 12           0.20000000E+00
 0.1059355826925E+08 0.5049579404969E+00 0.2183303045789E+07
AJ 13           0.20000000E+00
 0.1053961587428E+08 0.4733378692461E+00 0.2307758637603E+07
AJ 14           0.20000000E+00
 0.1048416204878E+08 0.3656898291638E+00 0.2653455570101E+07
AJ 15           0.20000000E+00
 0.1043660911953E+08 0.2115691765770E+00 0.3895567182727E+07
AJ 16           0.20000000E+00
 0.1039794816564E+08 0.2537211440210E+03 0.4805281401237E+07
AJ 17           0.20000000E+00
 0.1038582608195E+08 0.2145407792495E+03 0.2035314153650E+07
AJ 18           0.20000000E+00
 0.1038789997989E+08 0.1720231142323E+03 0.2572250506345E+06
AJ 19           0.20000000E+00
 0.1040458179186E+08 0.1487179546159E+03 0.2947351948825E+06
AJ 20           0.20000000E+00
 0.1043233931077E+08 0.1361855256392E+03 0.2653008589434E+06
AJ 21           0.20000000E+00
 0.1047039751084E+08 0.1307741073188E+03 0.1930390719650E+06
AJ 22           0.20000000E+00
 0.1051757955232E+08 0.1328118192914E+03 0.9108906210858E+05
AJ 23           0.20000000E+00
 0.1056723652505E+08 0.1441131890945E+03 0.1206748034003E+05
AJ 24           0.20000000E+00
 0.1059838105892E+08 0.1657381721587E+03 0.6212698894916E+03
AJ 25           0.20000000E+00
 0.1057598025121E+08 0.1398513506489E+03 0.1061270743303E+03
AK  1           0.20000000E+00
 0.1147046379181E+08 0.5237326309890E+00 0.2299848796471E+07
AK  2           0.20000000E+00
 0.1146605627415E+08 0.5236758985189E+00 0.2298828616858E+07
AK  3           0.20000000E+00
 0.1145727734828E+08 0.5235644349818E+00 0.2296806815365E+07
AK  4           0.20000000E+00
 0.1144420498941E+08 0.5233705383790E+00 0.2293842615425E+07
AK  5           0.20000000E+00
 0.1142696992182E+08 0.5230459652698E+00 0.2290054307494E+07
AK  6           0.20000000E+00
 0.1140578108689E+08 0.5225299044562E+00 0.2285640681974E+07
AK  7           0.20000000E+00
 0.1138093826472E+08 0.5217770780577E+00 0.2280832117120E+07
AK  8           0.20000000E+00
 0.1135283134819E+08 0.5206473572208E+00 0.2276008184178E+07
AK  9           0.20000000E+00
 0.1132195663027E+08 0.5190749108127E+00 0.2271880064663E+07
AK 10           0.20000000E+00
 0.1128881594754E+08 0.5168144439133E+00 0.2271364270705E+07
AK 11           0.20000000E+00
 0.1125030698655E+08 0.5131299242030E+00 0.2286696309724E+07
AK 12           0.20000000E+00
 0.1120198418571E+08 0.5038647085956E+00 0.2346776054751E+07
AK 13           0.20000000E+00
 0.1114487745294E+08 0.4570995775453E+00 0.2505210663087E+07
AK 14           0.20000000E+00
 0.1109103431863E+08 0.3326132273146E+00 0.2986179635103E+07
AK 15           0.20000000E+00
 0.1104666806640E+08 0.1758864731680E+00 0.4748460933632E+07
AK 16           0.20000000E+00
 0.1101123022220E+08 0.2493557138307E+03 0.4398069283389E+07
AK 17           0.20000000E+00
 0.1100309907536E+08 0.2062664648844E+03 0.1303778800239E+07
AK 18           0.20000000E+00
 0.1100992868521E+08 0.1698697883365E+03 0.2284664737678E+06
AK 19           0.20000000E+00
 0.1102874794187E+08 0.1508643021184E+03 0.2406734309861E+06
AK 20           0.20000000E+00
 0.1105716805799E+08 0.1410140651919E+03 0.2165715110045E+06
AK 21           0.20000000E+00
 0.1109480991694E+08 0.1382536771066E+03 0.1492753024030E+06
AK 22           0.20000000E+00
 0.1114072475820E+08 0.1434193513305E+03 0.6494921003439E+05
AK 23           0.20000000E+00
 0.1118849712375E+08 0.1579513931362E+03 0.7647724514734E+04
AK 24           0.20000000E+00
 0.1121439454027E+08 0.1807555124991E+03 0.9879938347319E+03
AK 25           0.20000000E+00
 0.1119518549245E+08 0.1497001070037E+03 0.1279310589592E+03
AL  1           0.20000000E+00
 0.1212578851808E+08 0.5328574588908E+00 0.2455576240218E+07
AL  2           0.20000000E+00
 0.1212047063555E+08 0.5327697998408E+00 0.2454324078339E+07
AL  3           0.20000000E+00
 0.1210983822527E+08 0.5325917293638E+00 0.2451832998576E+07
AL  4           0.20000000E+00
 0.1209391370627E+08 0.5322758118091E+00 0.2448157501615E+07
AL  5           0.20000000E+00
 0.1207277869866E+08 0.5317347903537E+00 0.2443425417645E+07
AL  6           0.20000000E+00
 0.1204665407208E+08 0.5308550233998E+00 0.2437879340789E+07
AL  7           0.20000000E+00
 0.1201598032466E+08 0.5295727369848E+00 0.2431815439904E+07
AL  8           0.20000000E+00
 0.1198145231955E+08 0.5276101440107E+00 0.2425764939566E+07
AL  9           0.20000000E+00
 0.1194411143752E+08 0.5250310006541E+00 0.2420686866076E+07
AL 10           0.20000000E+00
 0.1190486496426E+08 0.5216030105181E+00 0.2420539263285E+07
AL 11           0.20000000E+00
 0.1186030342418E+08 0.5161583284540E+00 0.2441448709601E+07
AL 12           0.20000000E+00
 0.1180615789205E+08 0.5008622775237E+00 0.2519520905887E+07
AL 13           0.20000000E+00
 0.1174657232329E+08 0.4336991009270E+00 0.2729070729799E+07
AL 14           0.20000000E+00
 0.1169472704332E+08 0.2952687387752E+00 0.3426820844920E+07
AL 15           0.20000000E+00
 0.1165666693600E+08 0.1354985155005E+00 0.5736311441747E+07
AL 16           0.20000000E+00
 0.1162400411017E+08 0.2437815742688E+03 0.3924356110131E+07
AL 17           0.20000000E+00
 0.1161912347594E+08 0.1991389700085E+03 0.6805235280859E+06
AL 18           0.20000000E+00
 0.1162932860968E+08 0.1694640473467E+03 0.2039105317539E+06
AL 19           0.20000000E+00
 0.1164954712632E+08 0.1540639119592E+03 0.2051038474800E+06
AL 20           0.20000000E+00
 0.1167791528849E+08 0.1465638048647E+03 0.1772362432382E+06
AL 21           0.20000000E+00
 0.1171424569740E+08 0.1462322453770E+03 0.1157042933576E+06
AL 22           0.20000000E+00
 0.1175775008499E+08 0.1543711650154E+03 0.4598254025986E+05
AL 23           0.20000000E+00
 0.1180238207641E+08 0.1721843315137E+03 0.4141655794134E+04
AL 24           0.20000000E+00
 0.1182221841373E+08 0.1937489191660E+03 0.1359345177445E+04
AL 25           0.20000000E+00
 0.1180857343642E+08 0.1591494206163E+03 0.1451100563887E+03
AM  1           0.20000000E+00
 0.1278425387389E+08 0.5490339474889E+00 0.2614263842994E+07
AM  2           0.20000000E+00
 0.1277829911749E+08 0.5488654239082E+00 0.2612840668745E+07
AM  3           0.20000000E+00
 0.1276625960021E+08 0.5485141422661E+00 0.2609978341968E+07
AM  4           0.20000000E+00
 0.1274788032846E+08 0.5478833096663E+00 0.2605675190420E+07
AM  5           0.20000000E+00
 0.1272284526938E+08 0.5467852651375E+00 0.2599992313784E+07
AM  6           0.20000000E+00
 0.1269095834293E+08 0.5449748569023E+00 0.2593131533508E+07
AM  7           0.20000000E+00
 0.1265243507576E+08 0.5423889922210E+00 0.2585377858679E+07
AM  8           0.20000000E+00
 0.1260824856718E+08 0.5383720751382E+00 0.2577455904388E+07
AM  9           0.20000000E+00
 0.1256172296686E+08 0.5336504321974E+00 0.2571020364068E+07
AM 10           0.20000000E+00
 0.1251454537106E+08 0.5280074282404E+00 0.2571758977686E+07
AM 11           0.20000000E+00
 0.1246281189783E+08 0.5193060896784E+00 0.2601499447808E+07
AM 12           0.20000000E+00
 0.1240272858074E+08 0.4927675989495E+00 0.2706666309322E+07
AM 13           0.20000000E+00
 0.1234207577683E+08 0.4008097131309E+00 0.3001318029610E+07
AM 14           0.20000000E+00
 0.1228970305393E+08 0.2526260855768E+00 0.4066263245805E+07
AM 15           0.20000000E+00
 0.1224662983916E+08 0.2702533253429E+03 0.6272994491242E+07
AM 16           0.20000000E+00
 0.1223269542557E+08 0.2350608614669E+03 0.2983540006001E+07
AM 17           0.20000000E+00
 0.1223296764047E+08 0.1929251849855E+03 0.1572875135086E+06
AM 18           0.20000000E+00
 0.1224575026244E+08 0.1702909740610E+03 0.1809098890847E+06
AM 19           0.20000000E+00
 0.1226670192186E+08 0.1580247242916E+03 0.1756167698251E+06
AM 20           0.20000000E+00
 0.1229433942138E+08 0.1525562477638E+03 0.1461853819295E+06
AM 21           0.20000000E+00
 0.1232844855734E+08 0.1543540543022E+03 0.9064845049964E+05
AM 22           0.20000000E+00
 0.1236828316827E+08 0.1652271767918E+03 0.3280708141351E+05
AM 23           0.20000000E+00
 0.1240825277019E+08 0.1866203565652E+03 0.2413610142524E+04
AM 24           0.20000000E+00
 0.1242252290357E+08 0.2044395147384E+03 0.1713101701542E+04
AM 25           0.20000000E+00
 0.1241629469397E+08 0.1682034727341E+03 0.1398006340873E+03
AN  1           0.20000000E+00
 0.1339153368311E+08 0.5920234941381E+00 0.2762445032878E+07
AN  2           0.20000000E+00
 0.1338736610098E+08 0.5912468894568E+00 0.2761448002245E+07
AN  3           0.20000000E+00
 0.1337884158746E+08 0.5896389645805E+00 0.2759426765142E+07
AN  4           0.20000000E+00
 0.1336549953171E+08 0.5868876237599E+00 0.2756342956994E+07
AN  5           0.20000000E+00
 0.1334635453487E+08 0.5824154556250E+00 0.2752134560215E+07
AN  6           0.20000000E+00
 0.1331932791455E+08 0.5756996944296E+00 0.2746633155834E+07
AN  7           0.20000000E+00
 0.1328014666739E+08 0.5674251152621E+00 0.2739086947673E+07
AN  8           0.20000000E+00
 0.1322072426825E+08 0.5556723207000E+00 0.2728258503581E+07
AN  9           0.20000000E+00
 0.1316348675348E+08 0.5454109217481E+00 0.2720565461330E+07
AN 10           0.20000000E+00
 0.1310913550379E+08 0.5352168715094E+00 0.2724231506297E+07
AN 11           0.20000000E+00
 0.1305230888956E+08 0.5201745668608E+00 0.2769680727765E+07
AN 12           0.20000000E+00
 0.1299032532986E+08 0.4739738060164E+00 0.2920641553053E+07
AN 13           0.20000000E+00
 0.1293319417290E+08 0.3567418514458E+00 0.3375295138296E+07
AN 14           0.20000000E+00
 0.1288462362984E+08 0.2022458413038E+00 0.5104195097841E+07
AN 15           0.20000000E+00
 0.1284686534329E+08 0.2638636522222E+03 0.5274035326251E+07
AN 16           0.20000000E+00
 0.1283913819161E+08 0.2244868616863E+03 0.1649241962235E+07
AN 17           0.20000000E+00
 0.1284433116480E+08 0.1904115224013E+03 0.1464072462854E+06
AN 18           0.20000000E+00
 0.1285896329073E+08 0.1723855223411E+03 0.1599724257159E+06
AN 19           0.20000000E+00
 0.1288008640076E+08 0.1625528711851E+03 0.1514814727763E+06
AN 20           0.20000000E+00
 0.1290639434995E+08 0.1587335167619E+03 0.1223190745613E+06
AN 21           0.20000000E+00
 0.1293743152038E+08 0.1622292581953E+03 0.7281644355068E+05
AN 22           0.20000000E+00
 0.1297234714683E+08 0.1752919366111E+03 0.2513395590847E+05
AN 23           0.20000000E+00
 0.1300605661508E+08 0.1992964069887E+03 0.5382614595989E+04
AN 24           0.20000000E+00
 0.1301624883356E+08 0.2128519149913E+03 0.2049740797218E+04
AN 25           0.20000000E+00
 0.1301851266112E+08 0.1770852474425E+03 0.1046421166874E+03
AO  1           0.20000000E+00
 0.1385483264369E+08 0.3184638242351E+03 0.2875214503053E+07
AO  2           0.20000000E+00
 0.1385167508410E+08 0.3184408801723E+03 0.2874471229457E+07
AO  3           0.20000000E+00
 0.1384538144066E+08 0.3183927832926E+03 0.2873017105274E+07
AO  4           0.20000000E+00
 0.1383601844590E+08 0.3183125125462E+03 0.2870970450904E+07
AO  5           0.20000000E+00
 0.1382375700641E+08 0.3181819132367E+03 0.2868634260718E+07
AO  6           0.20000000E+00
 0.1380902052220E+08 0.3179639051593E+03 0.2866652990878E+07
AO  7           0.20000000E+00
 0.1379280924787E+08 0.3176280969634E+03 0.2865783426726E+07
AO  8           0.20000000E+00
 0.1377740725332E+08 0.5790774385093E+00 0.2868708428918E+07
AO  9           0.20000000E+00
 0.1372787640248E+08 0.5560505803901E+00 0.2865033208707E+07
AO 10           0.20000000E+00
 0.1367772575459E+08 0.5387996013917E+00 0.2877944611479E+07
AO 11           0.20000000E+00
 0.1362421038466E+08 0.5128403655587E+00 0.2952526535229E+07
AO 12           0.20000000E+00
 0.1356798511956E+08 0.4391232382809E+00 0.3187132187181E+07
AO 13           0.20000000E+00
 0.1351813644948E+08 0.3023518259825E+00 0.3958508769325E+07
AO 14           0.20000000E+00
 0.1347843870680E+08 0.1443468280774E+00 0.6484852209376E+07
AO 15           0.20000000E+00
 0.1344835879905E+08 0.2560864641311E+03 0.4432408037465E+07
AO 16           0.20000000E+00
 0.1344430519443E+08 0.2160128110259E+03 0.7487099879915E+06
AO 17           0.20000000E+00
 0.1345274170211E+08 0.1896732972346E+03 0.1341990167049E+06
AO 18           0.20000000E+00
 0.1346875302594E+08 0.1755077553754E+03 0.1395106490924E+06
AO 19           0.20000000E+00
 0.1348969213703E+08 0.1674924920447E+03 0.1320378204456E+06
AO 20           0.20000000E+00
 0.1351422101459E+08 0.1649001526234E+03 0.1044330153790E+06
AO 21           0.20000000E+00
 0.1354149825510E+08 0.1695523704114E+03 0.6067956293565E+05
AO 22           0.20000000E+00
 0.1357045451326E+08 0.1840800019991E+03 0.2116578845046E+05
AO 23           0.20000000E+00
 0.1359666858227E+08 0.2097266071160E+03 0.9129440684185E+04
AO 24           0.20000000E+00
 0.1360441434311E+08 0.2193115714910E+03 0.2391634610068E+04
AO 25           0.20000000E+00
 0.1361524191634E+08 0.1861185435098E+03 0.7958159806808E+02
AP  1           0.20000000E+00
 0.1435642592492E+08 0.3217875032897E+03 0.2997985250686E+07
AP  2           0.20000000E+00
 0.1435401498479E+08 0.3217704294474E+03 0.2997414750788E+07
AP  3           0.20000000E+00
 0.1434922132117E+08 0.3217345680361E+03 0.2996302906828E+07
AP  4           0.20000000E+00
 0.1434209861798E+08 0.3216735527515E+03 0.2994760470330E+07
AP  5           0.20000000E+00
 0.1433271325427E+08 0.3215675768098E+03 0.2993094623025E+07
AP  6           0.20000000E+00
 0.1432111772332E+08 0.3213640322973E+03 0.2992080496632E+07
AP  7           0.20000000E+00
 0.1430726990820E+08 0.3209571289030E+03 0.2993250314021E+07
AP  8           0.20000000E+00
 0.1429083215588E+08 0.3202663258406E+03 0.2997757173557E+07
AP  9           0.20000000E+00
 0.1427064505586E+08 0.5633303244706E+00 0.3007438430175E+07
AP 10           0.20000000E+00
 0.1423202482804E+08 0.5368351733817E+00 0.3036616166433E+07
AP 11           0.20000000E+00
 0.1418631415925E+08 0.4928787389459E+00 0.3159540884957E+07
AP 12           0.20000000E+00
 0.1413878520710E+08 0.3900361463111E+00 0.3550386257091E+07
AP 13           0.20000000E+00
 0.1409484410778E+08 0.2408295767395E+00 0.4948343656640E+07
AP 14           0.20000000E+00
 0.1405637718315E+08 0.2778893402614E+03 0.6651128106578E+07
AP 15           0.20000000E+00
 0.1404556874277E+08 0.2447030420649E+03 0.2976267851003E+07
AP 16           0.20000000E+00
 0.1404686112292E+08 0.2090403419352E+03 0.1112284749307E+06
AP 17           0.20000000E+00
 0.1405803053355E+08 0.1901890768344E+03 0.1234242119033E+06
AP 18           0.20000000E+00
 0.1407506139885E+08 0.1792564079572E+03 0.1249922567308E+06
AP 19           0.20000000E+00
 0.1409561585681E+08 0.1727405989530E+03 0.1165163126069E+06
AP 20           0.20000000E+00
 0.1411810293602E+08 0.1709630481934E+03 0.9131991514002E+05
AP 21           0.20000000E+00
 0.1414118006120E+08 0.1761801712785E+03 0.5278328298616E+05
AP 22           0.20000000E+00
 0.1416347435687E+08 0.1913785414480E+03 0.1933403629746E+05
AP 23           0.20000000E+00
 0.1418126923275E+08 0.2177424537639E+03 0.1254987881000E+05
AP 24           0.20000000E+00
 0.1418782130096E+08 0.2245303754838E+03 0.2806786844694E+04
AP 25           0.20000000E+00
 0.1420638257837E+08 0.1952230845970E+03 0.6192814872988E+02
AQ  1           0.20000000E+00
 0.1488435237436E+08 0.3252053418771E+03 0.3128052026808E+07
AQ  2           0.20000000E+00
 0.1488237350193E+08 0.3251919682313E+03 0.3127577044224E+07
AQ  3           0.20000000E+00
 0.1487848577296E+08 0.3251644123829E+03 0.3126658143672E+07
AQ  4           0.20000000E+00
 0.1487283601401E+08 0.3251185918578E+03 0.3125409330262E+07
AQ  5           0.20000000E+00
 0.1486566201009E+08 0.3250384382963E+03 0.3124157498132E+07
AQ  6           0.20000000E+00
 0.1485732873758E+08 0.3248713229000E+03 0.3123831409772E+07
AQ  7           0.20000000E+00
 0.1484839419053E+08 0.3244806762752E+03 0.3126738354528E+07
AQ  8           0.20000000E+00
 0.1483973832200E+08 0.3236483485940E+03 0.3136741884234E+07
AQ  9           0.20000000E+00
 0.1483276342572E+08 0.5780425848568E+00 0.3156760945029E+07
AQ 10           0.20000000E+00
 0.1479278367668E+08 0.5351230845665E+00 0.3202905141558E+07
AQ 11           0.20000000E+00
 0.1475032171400E+08 0.4610012588555E+00 0.3403549942136E+07
AQ 12           0.20000000E+00
 0.1471006725784E+08 0.3330510823799E+00 0.4091227891687E+07
AQ 13           0.20000000E+00
 0.1467653222990E+08 0.1738812442448E+00 0.6541357346055E+07
AQ 14           0.20000000E+00
 0.1464544659050E+08 0.2682163223222E+03 0.5214917994418E+07
AQ 15           0.20000000E+00
 0.1464055489441E+08 0.2320699448281E+03 0.1187693246764E+07
AQ 16           0.20000000E+00
 0.1464674025176E+08 0.2058852523596E+03 0.1064277977579E+06
AQ 17           0.20000000E+00
 0.1466012527637E+08 0.1920388764411E+03 0.1131609915955E+06
AQ 18           0.20000000E+00
 0.1467792823184E+08 0.1836075875028E+03 0.1126439779148E+06
AQ 19           0.20000000E+00
 0.1469800434485E+08 0.1782788662218E+03 0.1041468214423E+06
AQ 20           0.20000000E+00
 0.1471838746300E+08 0.1769463554994E+03 0.8190474621881E+05
AQ 21           0.20000000E+00
 0.1473711511427E+08 0.1821631127317E+03 0.4798911203992E+05
AQ 22           0.20000000E+00
 0.1475243315308E+08 0.1973067121585E+03 0.1857141535702E+05
AQ 23           0.20000000E+00
 0.1476113402375E+08 0.2234803860949E+03 0.1559015123760E+05
AQ 24           0.20000000E+00
 0.1476694187523E+08 0.2289168746285E+03 0.3341769133531E+04
AQ 25           0.20000000E+00
 0.1479186303337E+08 0.2042731000038E+03 0.4972060196356E+02
AR  1           0.20000000E+00
 0.1543181413963E+08 0.3286637935111E+03 0.3263868035897E+07
AR  2           0.20000000E+00
 0.1542956298598E+08 0.3286493829079E+03 0.3263317013450E+07
AR  3           0.20000000E+00
 0.1542512147657E+08 0.3286202607025E+03 0.3262235365084E+07
AR  4           0.20000000E+00
 0.1541860214514E+08 0.3285739885129E+03 0.3260703109844E+07
AR  5           0.20000000E+00
 0.1541014679492E+08 0.3284985654711E+03 0.3258963541726E+07
AR  6           0.20000000E+00
 0.1539989533794E+08 0.3283468199069E+03 0.3257825813067E+07
AR  7           0.20000000E+00
 0.1538793128322E+08 0.3279683103386E+03 0.3259770575049E+07
AR  8           0.20000000E+00
 0.1537419809861E+08 0.3270233744204E+03 0.3270538491769E+07
AR  9           0.20000000E+00
 0.1535830575458E+08 0.3252686308898E+03 0.3294765920950E+07
AR 10           0.20000000E+00
 0.1533903345837E+08 0.5179443148179E+00 0.3385745738931E+07
AR 11           0.20000000E+00
 0.1530652072700E+08 0.4096627718637E+00 0.3745007580715E+07
AR 12           0.20000000E+00
 0.1527224088670E+08 0.2676823098470E+00 0.5007135621266E+07
AR 13           0.20000000E+00
 0.1524071920016E+08 0.2869442694714E+03 0.7967089767245E+07
AR 14           0.20000000E+00
 0.1523251840462E+08 0.2545654331663E+03 0.3359293531561E+07
AR 15           0.20000000E+00
 0.1523380839311E+08 0.2219365186545E+03 0.9141691010941E+05
AR 16           0.20000000E+00
 0.1524365216779E+08 0.2047613262861E+03 0.1003590431953E+06
AR 17           0.20000000E+00
 0.1525889218989E+08 0.1949435645143E+03 0.1035433226391E+06
AR 18           0.20000000E+00
 0.1527735170682E+08 0.1885071964150E+03 0.1020241719181E+06
AR 19           0.20000000E+00
 0.1529698458499E+08 0.1841291725966E+03 0.9425922020682E+05
AR 20           0.20000000E+00
 0.1531539623342E+08 0.1829648961961E+03 0.7533243416247E+05
AR 21           0.20000000E+00
 0.1532990528087E+08 0.1877253810598E+03 0.4558458973589E+05
AR 22           0.20000000E+00
 0.1533823198108E+08 0.2024091689565E+03 0.1808560620411E+05
AR 23           0.20000000E+00
 0.1533746474356E+08 0.2272090562030E+03 0.1841967501735E+05
AR 24           0.20000000E+00
 0.1534208950430E+08 0.2326594190576E+03 0.4062926195451E+04
AR 25           0.20000000E+00
 0.1537168713027E+08 0.2130606396079E+03 0.4157208001444E+02
AS  1           0.20000000E+00
 0.1600260085419E+08 0.3321831348790E+03 0.3406408879497E+07
AS  2           0.20000000E+00
 0.1599949095911E+08 0.3321640122632E+03 0.3405636522890E+07
AS  3           0.20000000E+00
 0.1599341211883E+08 0.3321263318896E+03 0.3404126035278E+07
AS  4           0.20000000E+00
 0.1598463442456E+08 0.3320700739972E+03 0.3401974972333E+07
AS  5           0.20000000E+00
 0.1597352855874E+08 0.3319892411434E+03 0.3399417337960E+07
AS  6           0.20000000E+00
 0.1596053058345E+08 0.3318484443557E+03 0.3397209957556E+07
AS  7           0.20000000E+00
 0.1594609267773E+08 0.3314994941544E+03 0.3398056733446E+07
AS  8           0.20000000E+00
 0.1593064985678E+08 0.3304979077652E+03 0.3410002111238E+07
AS  9           0.20000000E+00
 0.1591456935907E+08 0.3282354766521E+03 0.3445322167041E+07
AS 10           0.20000000E+00
 0.1589787361868E+08 0.4870942377247E+00 0.3592093151344E+07
AS 11           0.20000000E+00
 0.1587049142322E+08 0.3538327956031E+00 0.4228172478439E+07
AS 12           0.20000000E+00
 0.1584223613095E+08 0.2001823205931E+00 0.6512607221061E+07
AS 13           0.20000000E+00
 0.1582023999540E+08 0.2755858117203E+03 0.5763824191016E+07
AS 14           0.20000000E+00
 0.1581830116405E+08 0.2397075959765E+03 0.8114487622090E+06
AS 15           0.20000000E+00
 0.1582479365749E+08 0.2171652411399E+03 0.8916916135299E+05
AS 16           0.20000000E+00
 0.1583744356229E+08 0.2055310323877E+03 0.9371161440980E+05
AS 17           0.20000000E+00
 0.1585423577593E+08 0.1986942541308E+03 0.9473949644397E+05
AS 18           0.20000000E+00
 0.1587331563326E+08 0.1938422270359E+03 0.9294341604572E+05
AS 19           0.20000000E+00
 0.1589263948942E+08 0.1902763434615E+03 0.8638310070418E+05
AS 20           0.20000000E+00
 0.1590936444919E+08 0.1891443247767E+03 0.7105204137947E+05
AS 21           0.20000000E+00
 0.1591999982645E+08 0.1931953635127E+03 0.4552818187029E+05
AS 22           0.20000000E+00
 0.1592129034697E+08 0.2076273965959E+03 0.1761893492076E+05
AS 23           0.20000000E+00
 0.1591133965841E+08 0.2292030690422E+03 0.2114052807689E+05
AS 24           0.20000000E+00
 0.1591354390555E+08 0.2357921356173E+03 0.5078186723066E+04
AS 25           0.20000000E+00
 0.1594602458551E+08 0.2212698276051E+03 0.3655395939795E+02
AT  1           0.20000000E+00
 0.1660892462823E+08 0.3358314421223E+03 0.3558777009445E+07
AT  2           0.20000000E+00
 0.1660361393849E+08 0.3357997793417E+03 0.3557444132666E+07
AT  3           0.20000000E+00
 0.1659332406173E+08 0.3357383351466E+03 0.3554856883679E+07
AT  4           0.20000000E+00
 0.1657871207766E+08 0.3356503054267E+03 0.3551195183541E+07
AT  5           0.20000000E+00
 0.1656073240694E+08 0.3355370539700E+03 0.3546777641685E+07
AT  6           0.20000000E+00
 0.1654058360047E+08 0.3353800029609E+03 0.3542367998323E+07
AT  7           0.20000000E+00
 0.1651959068342E+08 0.3350521559003E+03 0.3540737912567E+07
AT  8           0.20000000E+00
 0.1649906205865E+08 0.3340211375437E+03 0.3552241587969E+07
AT  9           0.20000000E+00
 0.1648011819278E+08 0.3311422080592E+03 0.3601029400996E+07
AT 10           0.20000000E+00
 0.1646311479440E+08 0.4452495591142E+00 0.3840778201880E+07
AT 11           0.20000000E+00
 0.1643551220141E+08 0.2932961642824E+00 0.4974800397718E+07
AT 12           0.20000000E+00
 0.1640985714431E+08 0.1196045212336E+00 0.8394010336166E+07
AT 13           0.20000000E+00
 0.1639965823385E+08 0.2614451612914E+03 0.3715670514322E+07
AT 14           0.20000000E+00
 0.1640255443009E+08 0.2301206436118E+03 0.7995844701451E+05
AT 15           0.20000000E+00
 0.1641280499762E+08 0.2150265910727E+03 0.8548593348894E+05
AT 16           0.20000000E+00
 0.1642790844338E+08 0.2074342619479E+03 0.8723149912203E+05
AT 17           0.20000000E+00
 0.1644612961200E+08 0.2028769883644E+03 0.8703910482663E+05
AT 18           0.20000000E+00
 0.1646586554806E+08 0.1993247368354E+03 0.8541351023402E+05
AT 19           0.20000000E+00
 0.1648506416908E+08 0.1965323641035E+03 0.8024369070224E+05
AT 20           0.20000000E+00
 0.1650046396482E+08 0.1954651984655E+03 0.6853114509488E+05
AT 21           0.20000000E+00
 0.1650764280915E+08 0.1989680550746E+03 0.4613142472632E+05
AT 22           0.20000000E+00
 0.1650183127983E+08 0.2123800488388E+03 0.1966791226417E+05
AT 23           0.20000000E+00
 0.1648347856193E+08 0.2303935305600E+03 0.2416485431759E+05
AT 24           0.20000000E+00
 0.1648163204652E+08 0.2382521164903E+03 0.6589747112540E+04
AT 25           0.20000000E+00
 0.1651533454756E+08 0.2284743422106E+03 0.3413489183907E+02
AU  1           0.20000000E+00
 0.1728201083937E+08 0.3397791330318E+03 0.3728951789227E+07
AU  2           0.20000000E+00
 0.1727136906650E+08 0.3397174702501E+03 0.3726258846571E+07
AU  3           0.20000000E+00
 0.1725066078046E+08 0.3395974251760E+03 0.3721011904406E+07
AU  4           0.20000000E+00
 0.1722112298939E+08 0.3394258376933E+03 0.3713531546163E+07
AU  5           0.20000000E+00
 0.1718478822442E+08 0.3392127354851E+03 0.3704365772308E+07
AU  6           0.20000000E+00
 0.1714459847976E+08 0.3389613497979E+03 0.3694521054853E+07
AU  7           0.20000000E+00
 0.1710426486838E+08 0.3385888982588E+03 0.3686922780080E+07
AU  8           0.20000000E+00
 0.1706770898890E+08 0.3375143501942E+03 0.3694266505378E+07
AU  9           0.20000000E+00
 0.1703841831801E+08 0.3337696362531E+03 0.3760479435680E+07
AU 10           0.20000000E+00
 0.1702076078211E+08 0.3801923061677E+00 0.4233879456725E+07
AU 11           0.20000000E+00
 0.1699150816833E+08 0.2102800812643E+00 0.6646463672895E+07
AU 12           0.20000000E+00
 0.1697273553566E+08 0.2791711474010E+03 0.5706920254459E+07
AU 13           0.20000000E+00
 0.1697407980806E+08 0.2416338017561E+03 0.7327304719746E+05
AU 14           0.20000000E+00
 0.1698340439338E+08 0.2229965734591E+03 0.7960512923100E+05
AU 15           0.20000000E+00
 0.1699772591899E+08 0.2141801653590E+03 0.8175546688807E+05
AU 16           0.20000000E+00
 0.1701527389311E+08 0.2096709807949E+03 0.8205772118716E+05
AU 17           0.20000000E+00
 0.1703487337798E+08 0.2067846480396E+03 0.8140739024210E+05
AU 18           0.20000000E+00
 0.1705530487651E+08 0.2043658012639E+03 0.7981141547214E+05
AU 19           0.20000000E+00
 0.1707456023469E+08 0.2023505164854E+03 0.7600969170284E+05
AU 20           0.20000000E+00
 0.1708900551204E+08 0.2014841404315E+03 0.6777490949486E+05
AU 21           0.20000000E+00
 0.1709309163029E+08 0.2046664445142E+03 0.4714679107093E+05
AU 22           0.20000000E+00
 0.1708039716836E+08 0.2163193660027E+03 0.2578729114565E+05
AU 23           0.20000000E+00
 0.1705417239619E+08 0.2311632985121E+03 0.2836406251890E+05
AU 24           0.20000000E+00
 0.1704676380704E+08 0.2399517691624E+03 0.8782775257152E+04
AU 25           0.20000000E+00
 0.1708049589194E+08 0.2341696966483E+03 0.3416360082501E+02
AV  1           0.20000000E+00
 0.1783566706125E+08 0.3429498262721E+03 0.3869647949921E+07
AV  2           0.20000000E+00
 0.1781773309791E+08 0.3428481628583E+03 0.3865086153785E+07
AV  3           0.20000000E+00
 0.1778208542195E+08 0.3426459345684E+03 0.3856011219888E+07
AV  4           0.20000000E+00
 0.1772948622093E+08 0.3423470162535E+03 0.3842624108549E+07
AV  5           0.20000000E+00
 0.1766201725290E+08 0.3419623139039E+03 0.3825467982785E+07
AV  6           0.20000000E+00
 0.1758438179496E+08 0.3415126193889E+03 0.3805850047146E+07
AV  7           0.20000000E+00
 0.1750516621767E+08 0.3409760545146E+03 0.3787348493105E+07
AV  8           0.20000000E+00
 0.1743434985994E+08 0.3397558825834E+03 0.3785509654898E+07
AV  9           0.20000000E+00
 0.1736784803559E+08 0.3343102076107E+03 0.3878860846318E+07
AV 10           0.20000000E+00
 0.1736545250815E+08 0.2317077950919E+00 0.6168677501820E+07
AV 11           0.20000000E+00
 0.1735122498530E+08 0.2869591982044E+03 0.4642538874352E+07
AV 12           0.20000000E+00
 0.1735032381526E+08 0.2518130704100E+03 0.3360568785192E+06
AV 13           0.20000000E+00
 0.1735929019330E+08 0.2305543984690E+03 0.7547014952681E+05
AV 14           0.20000000E+00
 0.1737340436565E+08 0.2196106028875E+03 0.7883081080804E+05
AV 15           0.20000000E+00
 0.1739056009581E+08 0.2139974563105E+03 0.7998260994319E+05
AV 16           0.20000000E+00
 0.1740974480421E+08 0.2108582409992E+03 0.7998502693808E+05
AV 17           0.20000000E+00
 0.1743029255147E+08 0.2086939346647E+03 0.7927597122275E+05
AV 18           0.20000000E+00
 0.1745128387817E+08 0.2068406087535E+03 0.7772551010985E+05
AV 19           0.20000000E+00
 0.1747076745543E+08 0.2052819159028E+03 0.7454819804626E+05
AV 20           0.20000000E+00
 0.1748485825327E+08 0.2046178419245E+03 0.6799389078181E+05
AV 21           0.20000000E+00
 0.1748705852709E+08 0.2077223817472E+03 0.4768015383796E+05
AV 22           0.20000000E+00
 0.1746975663281E+08 0.2181219217636E+03 0.2998548935923E+05
AV 23           0.20000000E+00
 0.1743794278514E+08 0.2314274459638E+03 0.3448042610643E+05
AV 24           0.20000000E+00
 0.1742596742530E+08 0.2406269079044E+03 0.1179617142683E+05
AV 25           0.20000000E+00
 0.1745983077916E+08 0.2366417691883E+03 0.3480060309224E+02
AW  1           0.20000000E+00
 0.1815167298571E+08 0.3447293821444E+03 0.3950218372150E+07
AW  2           0.20000000E+00
 0.1812976797516E+08 0.3446067097571E+03 0.3944632684515E+07
AW  3           0.20000000E+00
 0.1808564447303E+08 0.3443593650215E+03 0.3933373890418E+07
AW  4           0.20000000E+00
 0.1801898731124E+08 0.3439849090050E+03 0.3916370347919E+07
AW  5           0.20000000E+00
 0.1793047143538E+08 0.3434859875748E+03 0.3893807297704E+07
AW  6           0.20000000E+00
 0.1782429656619E+08 0.3428817293354E+03 0.3866831289318E+07
AW  7           0.20000000E+00
 0.1771381879609E+08 0.3421879205206E+03 0.3840037789888E+07
AW  8           0.20000000E+00
 0.1762751791218E+08 0.3408775009386E+03 0.3834604477519E+07
AW  9           0.20000000E+00
 0.1756893840868E+08 0.5306627597054E+00 0.3971853439139E+07
AW 10           0.20000000E+00
 0.1755429349105E+08 0.2154622160032E+00 0.6485848125593E+07
AW 11           0.20000000E+00
 0.1754361455022E+08 0.2757463757921E+03 0.2815098219638E+07
AW 12           0.20000000E+00
 0.1754780953599E+08 0.2431336048660E+03 0.7088084811209E+05
AW 13           0.20000000E+00
 0.1755925986771E+08 0.2267083611221E+03 0.7609906930004E+05
AW 14           0.20000000E+00
 0.1757500980268E+08 0.2183778011936E+03 0.7830636194873E+05
AW 15           0.20000000E+00
 0.1759325016847E+08 0.2139604313434E+03 0.7901068024519E+05
AW 16           0.20000000E+00
 0.1761312007878E+08 0.2113556667190E+03 0.7889112693451E+05
AW 17           0.20000000E+00
 0.1763409228927E+08 0.2094926165788E+03 0.7819459139435E+05
AW 18           0.20000000E+00
 0.1765534449434E+08 0.2078988358160E+03 0.7680966461774E+05
AW 19           0.20000000E+00
 0.1767494640762E+08 0.2065789794534E+03 0.7423420277402E+05
AW 20           0.20000000E+00
 0.1768889405171E+08 0.2060602455969E+03 0.6921963662217E+05
AW 21           0.20000000E+00
 0.1769015481119E+08 0.2091586009380E+03 0.4880654974587E+05
AW 22           0.20000000E+00
 0.1767056835515E+08 0.2188910905637E+03 0.3531134851242E+05
AW 23           0.20000000E+00
 0.1763588848514E+08 0.2315179274665E+03 0.3814875298660E+05
AW 24           0.20000000E+00
 0.1762137777678E+08 0.2408752135835E+03 0.1299737561178E+05
AW 25           0.20000000E+00
 0.1765525936633E+08 0.2376642376268E+03 0.3634285848695E+02
AX  1           0.20000000E+00
 0.1850432253820E+08 0.3466895588911E+03 0.4040352691358E+07
AX  2           0.20000000E+00
 0.1847888785869E+08 0.3465490365195E+03 0.4033850502469E+07
AX  3           0.20000000E+00
 0.1842683613440E+08 0.3462611106362E+03 0.4020536124483E+07
AX  4           0.20000000E+00
 0.1834574211227E+08 0.3458114001108E+03 0.3999800404198E+07
AX  5           0.20000000E+00
 0.1823219685276E+08 0.3451792962599E+03 0.3970787973889E+07
AX  6           0.20000000E+00
 0.1808404263440E+08 0.3443484355068E+03 0.3933003044455E+07
AX  7           0.20000000E+00
 0.1791281064265E+08 0.3433325703186E+03 0.3890398365710E+07
AX  8           0.20000000E+00
 0.1780365973693E+08 0.3419010503146E+03 0.3879263303152E+07
AX  9           0.20000000E+00
 0.1775485783347E+08 0.4357271333635E+00 0.4114605441127E+07
AX 10           0.20000000E+00
 0.1773720143588E+08 0.1426021111659E+00 0.8046715821137E+07
AX 11           0.20000000E+00
 0.1773615065018E+08 0.2629092612639E+03 0.6243439665565E+06
AX 12           0.20000000E+00
 0.1774502548026E+08 0.2370373411781E+03 0.7309992002840E+05
AX 13           0.20000000E+00
 0.1775927595591E+08 0.2241698624296E+03 0.7702007394581E+05
AX 14           0.20000000E+00
 0.1777665421381E+08 0.2175786786602E+03 0.7868354074320E+05
AX 15           0.20000000E+00
 0.1779589406899E+08 0.2139517283122E+03 0.7922523709626E+05
AX 16           0.20000000E+00
 0.1781639620921E+08 0.2117055374737E+03 0.7909572951173E+05
AX 17           0.20000000E+00
 0.1783778034976E+08 0.2100495286271E+03 0.7846286716332E+05
AX 18           0.20000000E+00
 0.1785930861602E+08 0.2086363869421E+03 0.7728917332014E+05
AX 19           0.20000000E+00
 0.1787906414140E+08 0.2074884469971E+03 0.7529435620301E+05
AX 20           0.20000000E+00
 0.1789292560475E+08 0.2070820120775E+03 0.7174035657293E+05
AX 21           0.20000000E+00
 0.1789327549816E+08 0.2101849191859E+03 0.5066806066814E+05
AX 22           0.20000000E+00
 0.1787139866271E+08 0.2194143085346E+03 0.4193164315988E+05
AX 23           0.20000000E+00
 0.1783371617687E+08 0.2315655232501E+03 0.4235915033649E+05
AX 24           0.20000000E+00
 0.1781652976817E+08 0.2410307882899E+03 0.1429262862494E+05
AX 25           0.20000000E+00
 0.1785058315916E+08 0.2383556786196E+03 0.3871480308523E+02
AY  1           0.20000000E+00
 0.1889922539264E+08 0.3488532190100E+03 0.4141541387538E+07
AY  2           0.20000000E+00
 0.1887173185797E+08 0.3487036079168E+03 0.4134494591084E+07
AY  3           0.20000000E+00
 0.1881476456001E+08 0.3483931950396E+03 0.4119885011543E+07
AY  4           0.20000000E+00
 0.1872357271121E+08 0.3478948919958E+03 0.4096507409904E+07
AY  5           0.20000000E+00
 0.1858842083464E+08 0.3471531357279E+03 0.4061886553074E+07
AY  6           0.20000000E+00
 0.1838841143687E+08 0.3460475658725E+03 0.4010718757207E+07
AY  7           0.20000000E+00
 0.1807307085727E+08 0.3442462565897E+03 0.3931042078456E+07
AY  8           0.20000000E+00
 0.1793392017089E+08 0.3426105700781E+03 0.3913224285484E+07
AY  9           0.20000000E+00
 0.1791751612320E+08 0.2936233735077E+00 0.4556333633495E+07
AY 10           0.20000000E+00
 0.1791794639585E+08 0.2855914831399E+03 0.5763816241501E+05
AY 11           0.20000000E+00
 0.1792745164633E+08 0.2526909123005E+03 0.6917161415159E+05
AY 12           0.20000000E+00
 0.1794202395789E+08 0.2332580521533E+03 0.7601258030312E+05
AY 13           0.20000000E+00
 0.1795933555692E+08 0.2228012615505E+03 0.7941793172762E+05
AY 14           0.20000000E+00
 0.1797835579958E+08 0.2171711354307E+03 0.8097619156379E+05
AY 15           0.20000000E+00
 0.1799854158987E+08 0.2139497271005E+03 0.8157593381234E+05
AY 16           0.20000000E+00
 0.1801963907299E+08 0.2118855196894E+03 0.8162285894512E+05
AY 17           0.20000000E+00
 0.1804143530569E+08 0.2103356443737E+03 0.8125304060258E+05
AY 18           0.20000000E+00
 0.1806327241844E+08 0.2090162299226E+03 0.8047768344421E+05
AY 19           0.20000000E+00
 0.1808323717068E+08 0.2079597986355E+03 0.7918552405617E+05
AY 20           0.20000000E+00
 0.1809708979219E+08 0.2076167066495E+03 0.7703640606831E+05
AY 21           0.20000000E+00
 0.1809655995234E+08 0.2107242409190E+03 0.5433338920301E+05
AY 22           0.20000000E+00
 0.1807232634845E+08 0.2196762847736E+03 0.4982930503018E+05
AY 23           0.20000000E+00
 0.1803143511694E+08 0.2315796553739E+03 0.4691345396267E+05
AY 24           0.20000000E+00
 0.1801143716092E+08 0.2411027368383E+03 0.1565076206473E+05
AY 25           0.20000000E+00
 0.1804590663689E+08 0.2387053966328E+03 0.4191918468023E+02
A1  1           0.20000000E+00
 0.1003376718750E+06 0.2107071685791E+02 0.3500000000000E+02
A1  2           0.20000000E+00
 0.1003376718750E+06 0.2107071685791E+02 0.3500000000000E+02
A1  3           0.20000000E+00
 0.1003376718750E+06 0.2107071685791E+02 0.3500000000000E+02
A1  4           0.20000000E+00
 0.1003376718750E+06 0.2107071685791E+02 0.3500000000000E+02
A1  5           0.20000000E+00
 0.1003376718750E+06 0.2107071685791E+02 0.3500000000000E+02
A1  6           0.20000000E+00
 0.1003376718750E+06 0.2107071685791E+02 0.3500000000000E+02
A1  7           0.20000000E+00
 0.1003376718750E+06 0.2107071685791E+02 0.3500000000000E+02
A1  8           0.20000000E+00
 0.1003376718750E+06 0.2107071685791E+02 0.3500000000000E+02
A1  9           0.20000000E+00
 0.1003376718750E+06 0.2107071685791E+02 0.3500000000000E+02
A1 10           0.20000000E+00
 0.1003376718750E+06 0.2107071685791E+02 0.3500000000000E+02
A1 11           0.20000000E+00
 0.1003376718750E+06 0.2107071685791E+02 0.3500000000000E+02
A1 12           0.20000000E+00
 0.1003376718750E+06 0.2107071685791E+02 0.3500000000000E+02
A1 13           0.20000000E+00
 0.1003376718750E+06 0.2107071685791E+02 0.3500000000000E+02
A1 14           0.20000000E+00
 0.1003376718750E+06 0.2107071685791E+02 0.3500000000000E+02
A1 15           0.20000000E+00
 0.1003376718750E+06 0.2107071685791E+02 0.3500000000000E+02
A1 16           0.20000000E+00
 0.1003376718750E+06 0.2107071685791E+02 0.3500000000000E+02
A1 17           0.20000000E+00
 0.1003376718750E+06 0.2107071685791E+02 0.3500000000000E+02
A1 18           0.20000000E+00
 0.1003376718750E+06 0.2107071685791E+02 0.3500000000000E+02
A1 19           0.20000000E+00
 0.1003376718750E+06 0.2107071685791E+02 0.3500000000000E+02
A1 20           0.20000000E+00
 0.1003376718750E+06 0.2107071685791E+02 0.3500000000000E+02
A1 21           0.20000000E+00
 0.1003376718750E+06 0.2107071685791E+02 0.3500000000000E+02
A1 22           0.20000000E+00
 0.1003376718750E+06 0.2107071685791E+02 0.3500000000000E+02
A1 23           0.20000000E+00
 0.1003376718750E+06 0.2107071685791E+02 0.3500000000000E+02
A1 24           0.20000000E+00
 0.1003376718750E+06 0.2107071685791E+02 0.3500000000000E+02
A1 25           0.20000000E+00
 0.1003376718750E+06 0.2107071685791E+02 0.3500000000000E+02
+++  
 1622 7324    1 0.00000000E+00 0.63070000E+11
INCON -- INITIAL CONDITIONS FOR     850 ELEMENTS AT TIME  0.630700E+11
