INCON
A11 0           0.10000000E+00
 0.1263162298430E+06 0.1442874100171E-14 0.2549502651597E+03
A11 1           0.10000000E+00
 0.1263162312343E+06 0.7035615333458E-14 0.2013421392909E+03
A11 2           0.10000000E+00
 0.1263162339589E+06 0.4679135278875E-13 0.1742605301991E+03
A11 3           0.10000000E+00
 0.1263162379820E+06 0.9065946643518E-14 0.1560200081174E+03
A11 4           0.10000000E+00
 0.1263162433014E+06 0.9328001948367E-14 0.1421988669176E+03
A11 5           0.10000000E+00
 0.1263162499310E+06 0.9653442505377E-15 0.1310293663995E+03
A11 6           0.10000000E+00
 0.1263162578950E+06 0.2225901255622E-14 0.1216275677349E+03
A11 7           0.10000000E+00
 0.1263162672259E+06 0.0000000000000E+00 0.1134878577346E+03
A11 8           0.10000000E+00
 0.1263162777531E+06 0.1099713497533E+02 0.1062944415043E+03
A11 9           0.10000000E+00
 0.1222200956406E+06 0.1089730942923E+02 0.1053377762030E+03
A1110           0.10000000E+00
 0.1184269347920E+06 0.1071400134249E+02 0.1044279917079E+03
A1111           0.10000000E+00
 0.1148823047464E+06 0.1058210071619E+02 0.1035558049042E+03
A1112           0.10000000E+00
 0.1115400164162E+06 0.1048348602011E+02 0.1027127982821E+03
A1113           0.10000000E+00
 0.1083606496370E+06 0.1039837973876E+02 0.1018912777920E+03
A1114           0.10000000E+00
 0.1053071539886E+06 0.1031724200150E+02 0.1010832943592E+03
A1115           0.10000000E+00
 0.1023385195515E+06 0.1023563161976E+02 0.1002789520526E+03
A1116           0.10000000E+00
 0.1000440876483E+06 0.1017054930051E+02 0.9878998836287E+02
A1117           0.10000000E+00
 0.1000438588974E+06 0.1017101429821E+02 0.9511720163204E+02
A1118           0.10000000E+00
 0.1000437644083E+06 0.1017148441182E+02 0.9163023826264E+02
A1119           0.10000000E+00
 0.1000436783319E+06 0.1017195711320E+02 0.8831111967009E+02
A1120           0.10000000E+00
 0.1000435926017E+06 0.1017243308698E+02 0.8514481053065E+02
A1121           0.10000000E+00
 0.1000435052985E+06 0.1017291309577E+02 0.8211828301461E+02
A1122           0.10000000E+00
 0.1000434158539E+06 0.1017339784033E+02 0.7922026289675E+02
A1123           0.10000000E+00
 0.1000433241290E+06 0.1017388787284E+02 0.7644133449371E+02
A1124           0.10000000E+00
 0.1000432301178E+06 0.1017438369041E+02 0.7377311213733E+02
A1125           0.10000000E+00
 0.1000431338547E+06 0.1017488570689E+02 0.7120825656458E+02
A1126           0.10000000E+00
 0.1000430353813E+06 0.1017539423128E+02 0.6874044299942E+02
A1127           0.10000000E+00
 0.1000429347250E+06 0.1017590949978E+02 0.6636408244220E+02
A1128           0.10000000E+00
 0.1000428318953E+06 0.1017643167931E+02 0.6407422322977E+02
A1129           0.10000000E+00
 0.1000427268871E+06 0.1017696085933E+02 0.6186652027561E+02
A1130           0.10000000E+00
 0.1000426196804E+06 0.1017749706099E+02 0.5973714001902E+02
A1131           0.10000000E+00
 0.1000425102406E+06 0.1017804026022E+02 0.5768262245723E+02
A1132           0.10000000E+00
 0.1000423985272E+06 0.1017859036343E+02 0.5569994562247E+02
A1133           0.10000000E+00
 0.1000422844908E+06 0.1017914723742E+02 0.5378638418973E+02
A1134           0.10000000E+00
 0.1000421680796E+06 0.1017971069966E+02 0.5193952270962E+02
A1135           0.10000000E+00
 0.1000420492390E+06 0.1018028052797E+02 0.5015720229468E+02
A1136           0.10000000E+00
 0.1000419279151E+06 0.1018085645878E+02 0.4843750466880E+02
A1137           0.10000000E+00
 0.1000418040561E+06 0.1018143818525E+02 0.4677873518877E+02
A1138           0.10000000E+00
 0.1000416776069E+06 0.1018202538857E+02 0.4517930907672E+02
A1139           0.10000000E+00
 0.1000415485166E+06 0.1018261770360E+02 0.4363782930638E+02
A1140           0.10000000E+00
 0.1000414167347E+06 0.1018321473078E+02 0.4215302312671E+02
A1141           0.10000000E+00
 0.1000412822143E+06 0.1018381601672E+02 0.4072375833775E+02
A1142           0.10000000E+00
 0.1000411449055E+06 0.1018442107135E+02 0.3934896552741E+02
A1143           0.10000000E+00
 0.1000410047624E+06 0.1018502932570E+02 0.3802770033917E+02
A1144           0.10000000E+00
 0.1000408617376E+06 0.1018564014030E+02 0.3675908065311E+02
A1145           0.10000000E+00
 0.1000407157792E+06 0.1018625280172E+02 0.3554225615400E+02
A1146           0.10000000E+00
 0.1000405668320E+06 0.1018686650364E+02 0.3437641321010E+02
A1147           0.10000000E+00
 0.1000404148415E+06 0.1018748031651E+02 0.3326079882966E+02
A1148           0.10000000E+00
 0.1000402597445E+06 0.1018809321387E+02 0.3219464118899E+02
A1149           0.10000000E+00
 0.1000401014812E+06 0.1018870402132E+02 0.3117722023860E+02
A1150           0.10000000E+00
 0.1000399399840E+06 0.1018931145804E+02 0.3020777981132E+02
A1151           0.10000000E+00
 0.1000397751847E+06 0.1018991411405E+02 0.2928556353310E+02
A1152           0.10000000E+00
 0.1000396070167E+06 0.1019051045817E+02 0.2840980417220E+02
A1153           0.10000000E+00
 0.1000394354117E+06 0.1019109886699E+02 0.2757969333024E+02
A1154           0.10000000E+00
 0.1000392603066E+06 0.1019167762952E+02 0.2679439712867E+02
A1155           0.10000000E+00
 0.1000390816410E+06 0.1019224498597E+02 0.2605303118143E+02
A1156           0.10000000E+00
 0.1000388993657E+06 0.1019279913758E+02 0.2535468219224E+02
A1157           0.10000000E+00
 0.1000387134434E+06 0.1019333828784E+02 0.2469839123920E+02
A1158           0.10000000E+00
 0.1000385238445E+06 0.1019386069546E+02 0.2408312974263E+02
A1159           0.10000000E+00
 0.1000383305575E+06 0.1019436468724E+02 0.2350782637103E+02
A1160           0.10000000E+00
 0.1000381335764E+06 0.1019484872939E+02 0.2297132481468E+02
A1161           0.10000000E+00
 0.1000379329426E+06 0.1019531136693E+02 0.2247248787106E+02
A1162           0.10000000E+00
 0.1000377286915E+06 0.1019575138301E+02 0.2201005396526E+02
A1163           0.10000000E+00
 0.1000375208761E+06 0.1019616776731E+02 0.2158270516885E+02
A1164           0.10000000E+00
 0.1000373095687E+06 0.1019655973153E+02 0.2118907445370E+02
A1165           0.10000000E+00
 0.1000370948937E+06 0.1019692666450E+02 0.2082780710477E+02
A1166           0.10000000E+00
 0.1000368769366E+06 0.1019726830416E+02 0.2049740115480E+02
A1167           0.10000000E+00
 0.1000366558543E+06 0.1019758454865E+02 0.2019640205679E+02
A1168           0.10000000E+00
 0.1000364317990E+06 0.1019787557421E+02 0.1992328780074E+02
A1169           0.10000000E+00
 0.1000362049374E+06 0.1019814178864E+02 0.1967651182233E+02
A1170           0.10000000E+00
 0.1000359754629E+06 0.1019838380314E+02 0.1945452207796E+02
A1171           0.10000000E+00
 0.1000357435412E+06 0.1019860246570E+02 0.1925572025114E+02
A1172           0.10000000E+00
 0.1000355093973E+06 0.1019879874405E+02 0.1907855624115E+02
A1173           0.10000000E+00
 0.1000352732267E+06 0.1019897378751E+02 0.1892145645632E+02
A1174           0.10000000E+00
 0.1000350352591E+06 0.1019912883848E+02 0.1878288802325E+02
A1175           0.10000000E+00
 0.1000347956893E+06 0.1019926525381E+02 0.1866132282968E+02
A1176           0.10000000E+00
 0.1000345547392E+06 0.1019938443132E+02 0.1855528676251E+02
A1177           0.10000000E+00
 0.1000343126094E+06 0.1019948781052E+02 0.1846334288923E+02
A1178           0.10000000E+00
 0.1000340695098E+06 0.1019957682907E+02 0.1838411520322E+02
A1179           0.10000000E+00
 0.1000338256387E+06 0.1019965290898E+02 0.1831628719581E+02
A1180           0.10000000E+00
 0.1000335811669E+06 0.1019971743773E+02 0.1825860653693E+02
A1181           0.10000000E+00
 0.1000333362812E+06 0.1019977173767E+02 0.1820990199273E+02
A1182           0.10000000E+00
 0.1000330911535E+06 0.1019981706105E+02 0.1816907926181E+02
A1183           0.10000000E+00
 0.1000328459270E+06 0.1019985458053E+02 0.1813512260812E+02
A1184           0.10000000E+00
 0.1000326007397E+06 0.1019988537609E+02 0.1810710139522E+02
A1185           0.10000000E+00
 0.1000323557138E+06 0.1019991043200E+02 0.1808416908669E+02
A1186           0.10000000E+00
 0.1000321109554E+06 0.1019993063496E+02 0.1806556250746E+02
A1187           0.10000000E+00
 0.1000318665540E+06 0.1019994677434E+02 0.1805060024608E+02
A1188           0.10000000E+00
 0.1000316226072E+06 0.1019995954345E+02 0.1803868108370E+02
A1189           0.10000000E+00
 0.1000313791732E+06 0.1019996954694E+02 0.1802927733988E+02
A1190           0.10000000E+00
 0.1000311363071E+06 0.1019997730408E+02 0.1802193255208E+02
A1191           0.10000000E+00
 0.1000308940607E+06 0.1019998325591E+02 0.1801625583054E+02
A1192           0.10000000E+00
 0.1000306524644E+06 0.1019998777305E+02 0.1801191574186E+02
A1193           0.10000000E+00
 0.1000304115441E+06 0.1019999116278E+02 0.1800863487012E+02
A1194           0.10000000E+00
 0.1000301713184E+06 0.1019999367689E+02 0.1800618371202E+02
A1195           0.10000000E+00
 0.1000299318061E+06 0.1019999551896E+02 0.1800437479876E+02
A1196           0.10000000E+00
 0.1000296929991E+06 0.1019999685172E+02 0.1800305678722E+02
A1197           0.10000000E+00
 0.1000294549049E+06 0.1019999780317E+02 0.1800210939775E+02
A1198           0.10000000E+00
 0.1000292175261E+06 0.1019999847276E+02 0.1800143826479E+02
A1199           0.10000000E+00
 0.1000289808516E+06 0.1019999893655E+02 0.1800097047775E+02
A12 0           0.10000000E+00
 0.1000286972102E+06 0.1019999931537E+02 0.1800058609324E+02
A12 1           0.10000000E+00
 0.1000283049964E+06 0.1019999961444E+02 0.1800028049988E+02
A12 2           0.10000000E+00
 0.1000277693670E+06 0.1019999979435E+02 0.1800009576625E+02
A12 3           0.10000000E+00
 0.1000270496530E+06 0.1019999986863E+02 0.1800002061308E+02
A12 4           0.10000000E+00
 0.1000261021782E+06 0.1019999988926E+02 0.1800000272880E+02
A12 5           0.10000000E+00
 0.1000248855210E+06 0.1019999989631E+02 0.1800000050863E+02
A12 6           0.10000000E+00
 0.1000233676285E+06 0.1019999990270E+02 0.1800000035555E+02
A12 7           0.10000000E+00
 0.1000215331227E+06 0.1019999991030E+02 0.1800000032436E+02
A12 8           0.10000000E+00
 0.1000193888566E+06 0.1019999991920E+02 0.1800000029201E+02
A12 9           0.10000000E+00
 0.1000169660344E+06 0.1019999992927E+02 0.1800000025553E+02
A1210           0.10000000E+00
 0.1000143199730E+06 0.1019999994029E+02 0.1800000021564E+02
A1211           0.10000000E+00
 0.1000115296420E+06 0.1019999995191E+02 0.1800000017370E+02
A1212           0.10000000E+00
 0.1000086979494E+06 0.1019999996372E+02 0.1800000013103E+02
A1213           0.10000000E+00
 0.1000059567624E+06 0.1019999997515E+02 0.1800000008971E+02
A1214           0.10000000E+00
 0.1000034924309E+06 0.1019999998543E+02 0.1800000005263E+02
A1215           0.10000000E+00
 0.1000015739602E+06 0.1019999999343E+02 0.1800000002374E+02
A1216           0.10000000E+00
 0.1000004527107E+06 0.1019999999811E+02 0.1800000000682E+02
A1217           0.10000000E+00
 0.1000000664877E+06 0.1019999999972E+02 0.1800000000095E+02
A1218           0.10000000E+00
 0.1000000043288E+06 0.1019999999998E+02 0.1800000000004E+02
A1219           0.10000000E+00
 0.1000000001155E+06 0.1020000000000E+02 0.1799999999998E+02
A1220           0.10000000E+00
 0.1000000000000E+06 0.1020000000000E+02 0.1800000000000E+02
+++  
  156  850    1 0.00000000E+00 0.31560000E+09
INCON -- INITIAL CONDITIONS FOR     121 ELEMENTS AT TIME  0.315600E+09
